,docId,sentenceId,tokenId,text,lemma,calcLemma,upos,xpos,ner,clID,calcNer
0,pl-622,0,1,Rozwodu,,rozwód,subst:sg:gen:m3,NOUN,O,,O
1,pl-622,0,2,z,,z,prep:inst:nwok,ADP,O,,O
2,pl-622,0,3,Londynem,Londyn,Londyn,subst:sg:inst:m3,PROPN,B-LOC,GPE-London,B-PER
3,pl-622,0,4,można,,można,pred,VERB,O,,O
4,pl-622,0,5,jeszcze,,jeszcze,part,PART,O,,O
5,pl-622,0,6,uniknąć,,uniknąć,inf:perf,VERB,O,,O
6,pl-622,1,1,Głosowanie,,głosowanie,subst:sg:nom:n:ncol,NOUN,O,,O
7,pl-622,1,2,miałoby,,mieć by,praet:sg:n:imperf part,VERB AUX,O,,O
8,pl-622,1,4,się,,się,part,PRON,O,,O
9,pl-622,1,5,odbyć,,odbyć,inf:perf,VERB,O,,O
10,pl-622,1,6,już,,już,part,PART,O,,O
11,pl-622,1,7,po,,po,prep:loc,ADP,O,,O
12,pl-622,1,8,zakończeniu,,zakończyć,ger:sg:loc:n:perf:aff,NOUN,O,,O
13,pl-622,1,9,negocjacji,,negocjacje,subst:pl:gen:n:pt,NOUN,O,,O
14,pl-622,1,10,rozwodowych,,rozwodowy,adj:pl:gen:n:pos,ADJ,O,,O
15,pl-622,1,11,",",,",",interp,PUNCT,O,,O
16,pl-622,1,12,jakie,,jaki,adj:pl:acc:n:pos,DET,O,,O
17,pl-622,1,13,Theresa,Theresa,Theres,subst:sg:nom:f,PROPN,B-PER,PER-Theresa-May,B-PER
18,pl-622,1,14,May,May,May,subst:sg:nom:f,PROPN,I-PER,PER-Theresa-May,B-PER
19,pl-622,1,15,prowadzi,,prowadzić,fin:sg:ter:imperf,VERB,O,,O
20,pl-622,1,16,z,,z,prep:inst:nwok,ADP,O,,O
21,pl-622,1,17,Brukselą,Bruksela,Bruksela,subst:sg:inst:f,PROPN,B-LOC,GPE-Brussles,B-PER
22,pl-622,1,18,",",,",",interp,PUNCT,O,,O
23,pl-622,1,19,a,,a,conj,CCONJ,O,,O
24,pl-622,1,20,więc,,więc,comp,SCONJ,O,,O
25,pl-622,1,21,gdzieś,,gdzieś,adv,ADV,O,,O
26,pl-622,1,22,pod,,pod,prep:acc:nwok,ADP,O,,O
27,pl-622,1,23,koniec,,koniec,subst:sg:acc:m3,NOUN,O,,O
28,pl-622,1,24,tego,,ten,adj:sg:gen:m3:pos,DET,O,,O
29,pl-622,1,25,roku,,rok,subst:sg:gen:m3,NOUN,O,,O
30,pl-622,1,26,.,,.,interp,PUNCT,O,,O
31,pl-622,2,1,Wówczas,,wówczas,adv,ADV,O,,O
32,pl-622,2,2,Brytyjczycy,Brytyjczycy,Brytyjczyk,subst:pl:nom:m1,PROPN,B-PER,GPE-Great-Britain,B-PER
33,pl-622,2,3,odnieśliby,,odnieść by,praet:pl:m1:perf part,VERB AUX,O,,O
34,pl-622,2,5,się,,się,part,PRON,O,,O
35,pl-622,2,6,już,,już,part,PART,O,,O
36,pl-622,2,7,nie,,nie,part,PART,O,,O
37,pl-622,2,8,do,,do,prep:gen,ADP,O,,O
38,pl-622,2,9,mglistej,,mglisty,adj:sg:gen:f:pos,ADJ,O,,O
39,pl-622,2,10,idei,,idea,subst:sg:gen:f,NOUN,O,,O
40,pl-622,2,11,wyjścia,,wyjście,ger:sg:gen:n:perf:aff,NOUN,O,,O
41,pl-622,2,12,z,,z,prep:gen:nwok,ADP,O,,O
42,pl-622,2,13,Unii,Unia,unia,subst:sg:gen:f,NOUN,B-ORG,ORG-European-Union,B-PER
43,pl-622,2,14,",",,",",interp,PUNCT,O,,O
44,pl-622,2,15,lecz,,lecz,conj,CCONJ,O,,O
45,pl-622,2,16,do,,do,prep:gen,ADP,O,,O
46,pl-622,2,17,bardzo,,bardzo,adv:pos,ADV,O,,O
47,pl-622,2,18,konkretnego,,konkretny,adj:sg:gen:n:pos,ADJ,O,,O
48,pl-622,2,19,porozumienia,,porozumienie,subst:sg:gen:n:ncol,NOUN,O,,O
49,pl-622,2,20,w,,w,prep:loc:nwok,ADP,O,,O
50,pl-622,2,21,sprawie,,sprawa,subst:sg:loc:f,NOUN,O,,O
51,pl-622,2,22,przyszłych,,przyszły,adj:pl:gen:f:pos,ADJ,O,,O
52,pl-622,2,23,relacji,,relacja,subst:pl:gen:f,NOUN,O,,O
53,pl-622,2,24,ze,,z,prep:inst:wok,ADP,O,,O
54,pl-622,2,25,Wspólnotą,Wspólnota,wspólnota,subst:sg:inst:f,NOUN,B-ORG,ORG-European-Union,B-PER
55,pl-622,2,26,.,,.,interp,PUNCT,O,,O
56,pl-622,3,1,Brexit,Brexit,brexit,subst:sg:nom:m3,NOUN,B-EVT,EVT-Brexit,B-PER
57,pl-622,3,2,wcale,,wcale,adv,ADV,O,,O
58,pl-622,3,3,nie,,nie,part,PART,O,,O
59,pl-622,3,4,jest,,być,fin:sg:ter:imperf,AUX,O,,O
60,pl-622,3,5,przesądzony,,przesądzić,ppas:sg:nom:m3:perf:aff,ADJ,O,,O
61,pl-622,3,6,–,,–,interp,PUNCT,O,,O
62,pl-622,3,7,przekonuje,,przekonywać,fin:sg:ter:imperf,VERB,O,,O
63,pl-622,3,8,w,,w,prep:loc:nwok,ADP,O,,O
64,pl-622,3,9,rozmowie,,rozmowa,subst:sg:loc:f,NOUN,O,,O
65,pl-622,3,10,z,,z,prep:gen:nwok,ADP,O,,O
66,pl-622,3,11,„,,„,interp,PUNCT,O,,O
67,pl-622,3,12,Die,Die,Die,ign,X,B-PRO,PRO-Die-Welt,B-PER
68,pl-622,3,13,Welt,Welt,Welt,subst:sg:nom:n:ncol,PROPN,I-PRO,PRO-Die-Welt,B-PER
69,pl-622,3,14,"""",,"""",interp,PUNCT,O,,O
70,pl-622,3,15,Tony,Tony,Tony,subst:sg:nom:m1,PROPN,B-PER,PER-Tony-Blair,B-PER
71,pl-622,3,16,Blair,Blair,Blair,subst:sg:nom:m1,PROPN,I-PER,PER-Tony-Blair,B-PER
72,pl-622,3,17,",",,",",interp,PUNCT,O,,O
73,pl-622,3,18,którego,,który,adj:sg:gen:m1:pos,DET,O,,O
74,pl-622,3,19,Institute,Institute,Institute,subst:sg:nom:m3,PROPN,B-ORG,ORG-Institute-for-Global-Change,B-PER
75,pl-622,3,20,for,for,forania_ńalna,ign,X,I-ORG,ORG-Institute-for-Global-Change,B-PER
76,pl-622,3,21,Global,Global,Global,subst:sg:nom:m3,PROPN,I-ORG,ORG-Institute-for-Global-Change,B-PER
77,pl-622,3,22,Change,Change,Change,subst:sg:nom:m3,PROPN,I-ORG,ORG-Institute-for-Global-Change,B-PER
78,pl-622,3,23,właśnie,,właśnie,part,PART,O,,O
79,pl-622,3,24,opublikował,,opublikować,praet:sg:m3:perf,VERB,O,,O
80,pl-622,3,25,32-stronicowy,,32-stronicowy,adj:sg:acc:m3:pos,ADJ,O,,O
81,pl-622,3,26,manifest,,manifest,subst:sg:acc:m3,NOUN,O,,O
82,pl-622,3,27,w,,w,prep:loc:nwok,ADP,O,,O
83,pl-622,3,28,sprawie,,sprawa,subst:sg:loc:f,NOUN,O,,O
84,pl-622,3,29,organizacji,,organizacja,subst:sg:gen:f,NOUN,O,,O
85,pl-622,3,30,ponownego,,ponowny,adj:sg:gen:n:pos,ADJ,O,,O
86,pl-622,3,31,referendum,,referendum,subst:sg:gen:n:ncol,NOUN,O,,O
87,pl-622,3,32,.,,.,interp,PUNCT,O,,O
88,pl-622,4,1,–,,–,interp,PUNCT,O,,O
89,pl-622,4,2,W,,w,prep:loc:nwok,ADP,O,,O
90,pl-622,4,3,Europie,Europa,Europa,subst:sg:loc:f,PROPN,B-LOC,LOC-Europe,B-PER
91,pl-622,4,4,nie,,nie,part,PART,O,,O
92,pl-622,4,5,ma,,mieć,fin:sg:ter:imperf,VERB,O,,O
93,pl-622,4,6,dziś,,dziś,adv,ADV,O,,O
94,pl-622,4,7,wystarczającego,,wystarczać,adj:sg:gen:n:pos,ADJ,O,,O
95,pl-622,4,8,zrozumienia,,zrozumienie,subst:sg:gen:n:ncol,NOUN,O,,O
96,pl-622,4,9,",",,",",interp,PUNCT,O,,O
97,pl-622,4,10,jak,,jak,adv:pos,ADV,O,,O
98,pl-622,4,11,katastrofalne,,katastrofalny,adj:pl:nom:m3:pos,ADJ,O,,O
99,pl-622,4,12,skutki,,skutek,subst:pl:nom:m3,NOUN,O,,O
100,pl-622,4,13,miałoby,,mieć by,praet:sg:n:imperf part,VERB AUX,O,,O
101,pl-622,4,15,wyjście,,wyjść,ger:sg:acc:n:perf:aff,NOUN,O,,O
102,pl-622,4,16,z,,z,prep:gen:nwok,ADP,O,,O
103,pl-622,4,17,Unii,Unia,unia,subst:sg:gen:f,NOUN,B-ORG,ORG-European-Union,B-PER
104,pl-622,4,18,Zjednoczonego,Zjednoczone,zjednoczyć,ppas:sg:gen:n:perf:aff,ADJ,B-LOC,GPE-Great-Britain,B-PER
105,pl-622,4,19,Królestwa,Królestwo,królestwo,subst:sg:gen:n:ncol,NOUN,I-LOC,GPE-Great-Britain,B-PER
106,pl-622,4,20,",",,",",interp,PUNCT,O,,O
107,pl-622,4,21,także,,także,part,PART,O,,O
108,pl-622,4,22,dla,,dla,prep:gen,ADP,O,,O
109,pl-622,4,23,samego,,sam,adj:sg:gen:m3:pos,ADJ,O,,O
110,pl-622,4,24,kontynentu,,kontynent,subst:sg:gen:m3,NOUN,O,,O
111,pl-622,4,25,.,,.,interp,PUNCT,O,,O
112,pl-622,5,1,Wielka,Wielka,wielki,adj:sg:nom:f:pos,ADJ,B-LOC,GPE-Great-Britain,B-PER
113,pl-622,5,2,Brytania,Brytania,Brytania,subst:sg:nom:f,PROPN,I-LOC,GPE-Great-Britain,B-PER
114,pl-622,5,3,miałaby,,mieć by,praet:sg:f:imperf part,VERB AUX,O,,O
115,pl-622,5,5,tendencję,,tendencja,subst:sg:acc:f,NOUN,O,,O
116,pl-622,5,6,do,,do,prep:gen,ADP,O,,O
117,pl-622,5,7,namawiania,,namawiać,ger:sg:gen:n:imperf:aff,NOUN,O,,O
118,pl-622,5,8,innych,,inny,adj:pl:gen:n:pos,ADJ,O,,O
119,pl-622,5,9,państw,,państwo,subst:pl:gen:n:ncol,NOUN,O,,O
120,pl-622,5,10,członkowskich,,członkowski,adj:pl:gen:n:pos,ADJ,O,,O
121,pl-622,5,11,do,,do,prep:gen,ADP,O,,O
122,pl-622,5,12,pójścia,,pójść,ger:sg:gen:n:perf:aff,NOUN,O,,O
123,pl-622,5,13,jej,,on,ppron3:sg:gen:f:ter:akc:npraep,PRON,O,,O
124,pl-622,5,14,śladem,,ślad,subst:sg:inst:m3,NOUN,O,,O
125,pl-622,5,15,.,,.,interp,PUNCT,O,,O
126,pl-622,6,1,Obawy,,obawa,subst:pl:nom:f,NOUN,O,,O
127,pl-622,6,2,",",,",",interp,PUNCT,O,,O
128,pl-622,6,3,jakie,,jaki,adj:pl:nom:f:pos,DET,O,,O
129,pl-622,6,4,doprowadziły,,doprowadzić,praet:pl:f:perf,VERB,O,,O
130,pl-622,6,5,do,,do,prep:gen,ADP,O,,O
131,pl-622,6,6,brexitu,Brexit,brexit,subst:sg:gen:m3,NOUN,B-EVT,EVT-Brexit,B-PER
132,pl-622,6,7,",",,",",interp,PUNCT,O,,O
133,pl-622,6,8,nie,,nie,part,PART,O,,O
134,pl-622,6,9,są,,być,fin:pl:ter:imperf,AUX,O,,O
135,pl-622,6,10,ograniczone,,ograniczyć,ppas:pl:nom:f:perf:aff,ADJ,O,,O
136,pl-622,6,11,do,,do,prep:gen,ADP,O,,O
137,pl-622,6,12,naszego,,nasz,adj:sg:gen:m3:pos,DET,O,,O
138,pl-622,6,13,kraju,,kraj,subst:sg:gen:m3,NOUN,O,,O
139,pl-622,6,14,–,,–,interp,PUNCT,O,,O
140,pl-622,6,15,uważa,,uważać,fin:sg:ter:imperf,VERB,O,,O
141,pl-622,6,16,Blair,Blair,Blair,subst:sg:nom:m1,PROPN,B-PER,PER-Tony-Blair,B-PER
142,pl-622,6,17,",",,",",interp,PUNCT,O,,O
143,pl-622,6,18,najbardziej,,bardzo,adv:sup,ADV,O,,O
144,pl-622,6,19,proeuropejski,,proeuropejski,adj:sg:nom:m1:pos,ADJ,O,,O
145,pl-622,6,20,brytyjski,,brytyjski,adj:sg:nom:m1:pos,ADJ,O,,O
146,pl-622,6,21,premier,,premier,subst:sg:nom:m1,NOUN,O,,O
147,pl-622,6,22,od,,od,prep:gen:nwok,ADP,O,,O
148,pl-622,6,23,pokoleń,,pokolenie,subst:pl:gen:n:ncol,NOUN,O,,O
149,pl-622,6,24,.,,.,interp,PUNCT,O,,O
150,pl-622,7,1,Agata,Agata,Agata,subst:sg:nom:f,PROPN,B-PER,PER-Agata-Gostyńska-Jakubowska,B-PER
151,pl-622,7,2,Gostyńska,Gostyńska,Gostyńska,subst:sg:nom:f,PROPN,I-PER,PER-Agata-Gostyńska-Jakubowska,B-PER
152,pl-622,7,3,",",,",",interp,PUNCT,O,,O
153,pl-622,7,4,ekspertka,,ekspertek,subst:sg:nom:f,NOUN,O,,O
154,pl-622,7,5,londyńskiego,,londyński,adj:sg:gen:m3:pos,ADJ,O,,O
155,pl-622,7,6,Center,Center,Center,subst:sg:gen:n:ncol,PROPN,B-ORG,ORG-Centre-For-European-Reform,B-PER
156,pl-622,7,7,for,for,for,subst:sg:gen:n,PROPN,I-ORG,ORG-Centre-For-European-Reform,B-PER
157,pl-622,7,8,European,European,European,subst:sg:gen:m3,PROPN,I-ORG,ORG-Centre-For-European-Reform,B-PER
158,pl-622,7,9,Reform,Reform,reforma,subst:pl:gen:f,NOUN,I-ORG,ORG-Centre-For-European-Reform,B-PER
159,pl-622,7,10,(,,(,interp,PUNCT,O,,O
160,pl-622,7,11,CER,CER,CER,subst:sg:nom:m3,PROPN,B-ORG,ORG-Centre-For-European-Reform,B-PER
161,pl-622,7,12,),,),interp,PUNCT,O,,O
162,pl-622,7,13,",",,",",interp,PUNCT,O,,O
163,pl-622,7,14,uważa,,uważać,fin:sg:ter:imperf,VERB,O,,O
164,pl-622,7,15,",",,",",interp,PUNCT,O,,O
165,pl-622,7,16,że,,że,comp,SCONJ,O,,O
166,pl-622,7,17,do,,do,prep:gen,ADP,O,,O
167,pl-622,7,18,tej,,ten,adj:sg:gen:f:pos,DET,O,,O
168,pl-622,7,19,pory,,pora,subst:sg:gen:f,NOUN,O,,O
169,pl-622,7,20,scenariusz,,scenariusz,subst:sg:nom:m3,NOUN,O,,O
170,pl-622,7,21,organizacji,,organizacja,subst:sg:gen:f,NOUN,O,,O
171,pl-622,7,22,ponownego,,ponowny,adj:sg:gen:n:pos,ADJ,O,,O
172,pl-622,7,23,referendum,,referendum,subst:sg:gen:n:ncol,NOUN,O,,O
173,pl-622,7,24,był,,być,praet:sg:m3:imperf,AUX,O,,O
174,pl-622,7,25,mało,,mało,adv:pos,ADV,O,,O
175,pl-622,7,26,prawdopodobny,,prawdopodobny,adj:sg:nom:m3:pos,ADJ,O,,O
176,pl-622,7,27,",",,",",interp,PUNCT,O,,O
177,pl-622,7,28,bo,,bo,comp,SCONJ,O,,O
178,pl-622,7,29,sprzeciwiali,,sprzeciwiać,praet:pl:m1:imperf,VERB,O,,O
179,pl-622,7,30,mu,,on,ppron3:sg:dat:m1:ter:nakc:npraep,PRON,O,,O
180,pl-622,7,31,się,,się,part,PRON,O,,O
181,pl-622,7,32,nie,,nie,part,PART,O,,O
182,pl-622,7,33,tylko,,tylko,conj,CCONJ,O,,O
183,pl-622,7,34,torysi,torysi,torys,subst:pl:nom:m3,NOUN,B-PER,ORG-Tories,B-PER
184,pl-622,7,35,",",,",",interp,PUNCT,O,,O
185,pl-622,7,36,ale,,ale,conj,CCONJ,O,,O
186,pl-622,7,37,także,,także,part,PART,O,,O
187,pl-622,7,38,Partia,Partia,partia,subst:sg:nom:f,NOUN,B-ORG,ORG-Labour-Party-UK,B-PER
188,pl-622,7,39,Pracy,Pracy,praca,subst:sg:gen:f,NOUN,I-ORG,ORG-Labour-Party-UK,B-PER
189,pl-622,7,40,Jeremy'ego,Jeremy,Jeremy,subst:sg:gen:m1,PROPN,B-PER,PER-Jeremy-Corbyn,B-PER
190,pl-622,7,41,Corbyna,Corbyn,Corbyna,subst:sg:gen:m1,PROPN,I-PER,PER-Jeremy-Corbyn,B-PER
191,pl-622,7,42,.,,.,interp,PUNCT,O,,O
192,pl-622,8,1,Ten,,ten,adj:sg:nom:m3:pos,DET,O,,O
193,pl-622,8,2,ostatni,,ostatni,adj:sg:nom:m3:pos,ADJ,O,,O
194,pl-622,8,3,od,,od,prep:gen:nwok,ADP,O,,O
195,pl-622,8,4,lat,,rok,subst:pl:gen:m3,NOUN,O,,O
196,pl-622,8,5,był,,być,praet:sg:m3:imperf,AUX,O,,O
197,pl-622,8,6,mocno,,mocno,adv:pos,ADV,O,,O
198,pl-622,8,7,sceptyczny,,sceptyczny,adj:sg:nom:m3:pos,ADJ,O,,O
199,pl-622,8,8,wobec,,wobec,prep:gen,ADP,O,,O
200,pl-622,8,9,integracji,,integracja,subst:sg:gen:f,NOUN,O,,O
201,pl-622,8,10,.,,.,interp,PUNCT,O,,O
202,pl-622,9,1,Jednak,,jednak,conj,CCONJ,O,,O
203,pl-622,9,2,",",,",",interp,PUNCT,O,,O
204,pl-622,9,3,uważa,,uważać,fin:sg:ter:imperf,VERB,O,,O
205,pl-622,9,4,Gostyńska,Gostyńska,Gostyńska,subst:sg:nom:f,PROPN,B-PER,PER-Agata-Gostyńska-Jakubowska,B-PER
206,pl-622,9,5,",",,",",interp,PUNCT,O,,O
207,pl-622,9,6,opublikowany,,opublikować,ppas:sg:nom:m3:perf:aff,ADJ,O,,O
208,pl-622,9,7,właśnie,,właśnie,part,PART,O,,O
209,pl-622,9,8,sondaż,,sondaż,subst:sg:nom:m3,NOUN,O,,O
210,pl-622,9,9,Queen,Queen,Queen,subst:sg:nom:m3,PROPN,B-ORG,ORG-Queen-Mary-University,B-PER
211,pl-622,9,10,Mary,Mary,Mary,subst:sg:nom:f,PROPN,I-ORG,ORG-Queen-Mary-University,B-PER
212,pl-622,9,11,University,University,University,subst:sg:nom:m3,PROPN,I-ORG,ORG-Queen-Mary-University,B-PER
213,pl-622,9,12,w,,w,prep:loc:nwok,ADP,O,,O
214,pl-622,9,13,Londynie,Londyn,Londyn,subst:sg:loc:m3,PROPN,B-LOC,GPE-London,B-PER
215,pl-622,9,14,o,,o,prep:loc,ADP,O,,O
216,pl-622,9,15,nastrojach,,nastrój,subst:pl:loc:m3,NOUN,O,,O
217,pl-622,9,16,w,,w,prep:loc:nwok,ADP,O,,O
218,pl-622,9,17,brytyjskim,,brytyjski,adj:sg:loc:n:pos,ADJ,O,,O
219,pl-622,9,18,społeczeństwie,,społeczeństwo,subst:sg:loc:n:ncol,NOUN,O,,O
220,pl-622,9,19,stawia,,stawiać,fin:sg:ter:imperf,VERB,O,,O
221,pl-622,9,20,w,,w,prep:loc:nwok,ADP,O,,O
222,pl-622,9,21,innym,,inny,adj:sg:loc:n:pos,ADJ,O,,O
223,pl-622,9,22,świetle,,światło,subst:sg:loc:n:ncol,NOUN,O,,O
224,pl-622,9,23,apel,,apel,subst:sg:acc:m3,NOUN,O,,O
225,pl-622,9,24,Blaira,Blair,Blair,subst:sg:gen:m1,PROPN,B-PER,PER-Tony-Blair,B-PER
226,pl-622,9,25,.,,.,interp,PUNCT,O,,O
227,pl-622,10,1,Okazuje,,okazywać,fin:sg:ter:imperf,VERB,O,,O
228,pl-622,10,2,się,,się,part,PRON,O,,O
229,pl-622,10,3,",",,",",interp,PUNCT,O,,O
230,pl-622,10,4,że,,że,comp,SCONJ,O,,O
231,pl-622,10,5,wbrew,,wbrew,prep:dat,ADP,O,,O
232,pl-622,10,6,Corbynowi,Corbyn,Corbyn,subst:sg:dat:m1,PROPN,B-PER,PER-Jeremy-Corbyn,B-PER
233,pl-622,10,7,78,,78,num:pl:acc:m3:rec,NUM,O,,O
234,pl-622,10,8,proc,,procent,brev:pun,X,O,,O
235,pl-622,10,9,.,,.,interp,PUNCT,O,,O
236,pl-622,10,10,szeregowych,,szeregowy,adj:pl:gen:m1:pos,ADJ,O,,O
237,pl-622,10,11,członków,,członek,subst:pl:gen:m1,NOUN,O,,O
238,pl-622,10,12,Partii,Partia,partia,subst:sg:gen:f,NOUN,B-ORG,ORG-Labour-Party-UK,B-PER
239,pl-622,10,13,Pracy,Pracy,praca,subst:sg:gen:f,NOUN,I-ORG,ORG-Labour-Party-UK,B-PER
240,pl-622,10,14,(,,(,interp,PUNCT,O,,O
241,pl-622,10,15,a,,a,conj,CCONJ,O,,O
242,pl-622,10,16,także,,także,part,PART,O,,O
243,pl-622,10,17,91,,91,num:pl:nom:m3:rec,NUM,O,,O
244,pl-622,10,18,proc,,procent,brev:pun,X,O,,O
245,pl-622,10,19,.,,.,interp,PUNCT,O,,O
246,pl-622,10,20,Liberalnych,Liberalni,liberalny,adj:pl:gen:m1:pos,ADJ,B-ORG,ORG-Scottish-Liberal-Democrats,B-PER
247,pl-622,10,21,Demokratów,Demokraci,demokrata,subst:pl:gen:m1,NOUN,I-ORG,ORG-Scottish-Liberal-Democrats,B-PER
248,pl-622,10,22,i,,i,conj,CCONJ,O,,O
249,pl-622,10,23,87,,87,num:pl:nom:m3:rec,NUM,O,,O
250,pl-622,10,24,proc,,procent,brev:pun,X,O,,O
251,pl-622,10,25,.,,.,interp,PUNCT,O,,O
252,pl-622,10,26,szkockich,,szkocki,adj:pl:gen:m1:pos,ADJ,O,,O
253,pl-622,10,27,nacjonalistów,,nacjonalista,subst:pl:gen:m1,NOUN,O,,O
254,pl-622,10,28,",",,",",interp,PUNCT,O,,O
255,pl-622,10,29,choć,,choć,comp,SCONJ,O,,O
256,pl-622,10,30,już,,już,part,PART,O,,O
257,pl-622,10,31,tylko,,tylko,part,PART,O,,O
258,pl-622,10,32,14,,14,num:pl:nom:m3:rec,NUM,O,,O
259,pl-622,10,33,proc,,procent,brev:pun,X,O,,O
260,pl-622,10,34,.,,.,interp,PUNCT,O,,O
261,pl-622,10,35,torysów,torysi,torys,subst:pl:gen:m1,NOUN,B-PER,ORG-Tories,B-PER
262,pl-622,10,36,),,),interp,PUNCT,O,,O
263,pl-622,10,37,chce,,chcieć,fin:sg:ter:imperf,VERB,O,,O
264,pl-622,10,38,ponownego,,ponowny,adj:sg:gen:n:pos,ADJ,O,,O
265,pl-622,10,39,referendum,,referendum,subst:sg:gen:n:ncol,NOUN,O,,O
266,pl-622,10,40,.,,.,interp,PUNCT,O,,O
267,pl-622,11,1,Przywódca,,przywódca,subst:sg:nom:m1,NOUN,O,,O
268,pl-622,11,2,laburzystów,laburzyści,laburzysta,subst:pl:gen:m1,NOUN,B-PER,ORG-Labour-Party-UK,B-PER
269,pl-622,11,3,musi,,musieć,fin:sg:ter:imperf,VERB,O,,O
270,pl-622,11,4,się,,się,part,PRON,O,,O
271,pl-622,11,5,więc,,więc,comp,SCONJ,O,,O
272,pl-622,11,6,liczyć,,liczyć,inf:imperf,VERB,O,,O
273,pl-622,11,7,z,,z,prep:inst:nwok,ADP,O,,O
274,pl-622,11,8,ryzykiem,,ryzyko,subst:sg:inst:n:ncol,NOUN,O,,O
275,pl-622,11,9,puczu,,pucz,subst:sg:gen:m3,NOUN,O,,O
276,pl-622,11,10,wewnątrz,,wewnątrz,prep:gen,ADP,O,,O
277,pl-622,11,11,swojego,,swój,adj:sg:gen:n:pos,DET,O,,O
278,pl-622,11,12,ugrupowania,,ugrupowanie,subst:sg:gen:n:ncol,NOUN,O,,O
279,pl-622,11,13,",",,",",interp,PUNCT,O,,O
280,pl-622,11,14,na,,na,prep:acc,ADP,O,,O
281,pl-622,11,15,którego,,który,adj:sg:gen:n:pos,DET,O,,O
282,pl-622,11,16,czele,,czoło,subst:sg:inst:n:ncol,NOUN,O,,O
283,pl-622,11,17,stanęliby,,stanąć by,praet:pl:m1:perf part,VERB AUX,O,,O
284,pl-622,11,19,zwolennicy,,zwolennik,subst:pl:nom:m1,NOUN,O,,O
285,pl-622,11,20,tzw,,tak zwany,brev:pun,X,O,,O
286,pl-622,11,21,.,,.,interp,PUNCT,O,,O
287,pl-622,11,22,New,New,New,subst:sg:gen:n,PROPN,B-ORG,ORG-New-Labour,B-PER
288,pl-622,11,23,Labour,Labour,Labour,subst:sg:gen:n,PROPN,I-ORG,ORG-New-Labour,B-PER
289,pl-622,11,24,Tony'ego,Tony,Tony,subst:sg:gen:m1,PROPN,B-PER,PER-Tony-Blair,O
290,pl-622,11,25,Blaira,Blair,Blair,subst:sg:gen:m1,PROPN,I-PER,PER-Tony-Blair,B-PER
291,pl-622,11,26,.,,.,interp,PUNCT,O,,O
292,pl-622,12,1,Decyzja,,decyzja,subst:sg:nom:f,NOUN,O,,O
293,pl-622,12,2,w,,w,prep:loc:nwok,ADP,O,,O
294,pl-622,12,3,sprawie,,sprawa,subst:sg:loc:f,NOUN,O,,O
295,pl-622,12,4,organizacji,,organizacja,subst:sg:gen:f,NOUN,O,,O
296,pl-622,12,5,takiego,,taki,adj:sg:gen:n:pos,DET,O,,O
297,pl-622,12,6,powszechnego,,powszechny,adj:sg:gen:n:pos,ADJ,O,,O
298,pl-622,12,7,głosowania,,głosować,subst:sg:gen:n:ncol,NOUN,O,,O
299,pl-622,12,8,leży,,leżeć,fin:sg:ter:imperf,VERB,O,,O
300,pl-622,12,9,w,,w,prep:loc:nwok,ADP,O,,O
301,pl-622,12,10,rękach,,ręka,subst:pl:loc:f,NOUN,O,,O
302,pl-622,12,11,Izby,Izba,izba,subst:sg:gen:f,NOUN,B-ORG,ORG-House-of-Commons,B-PER
303,pl-622,12,12,Gmin,Gmin,gmin,subst:pl:gen:f,NOUN,I-ORG,ORG-House-of-Commons,B-PER
304,pl-622,12,13,.,,.,interp,PUNCT,O,,O
305,pl-622,13,1,Lider,,lider,subst:sg:nom:m1,NOUN,O,,O
306,pl-622,13,2,proeuropejskiej,,proeuropejski,adj:sg:gen:f:pos,ADJ,O,,O
307,pl-622,13,3,frakcji,,frakcja,subst:sg:gen:f,NOUN,O,,O
308,pl-622,13,4,w,,w,prep:loc:nwok,ADP,O,,O
309,pl-622,13,5,Partii,Partia,partia,subst:sg:loc:f,NOUN,B-ORG,ORG-Conservative-and-Unionist-Party-UK,B-PER
310,pl-622,13,6,Konserwatywnej,Konserwatywna,konserwatywny,adj:sg:loc:f:pos,ADJ,I-ORG,ORG-Conservative-and-Unionist-Party-UK,B-PER
311,pl-622,13,7,Kenneth,Kenneth,Kenneth,subst:sg:nom:m1,PROPN,B-PER,PER-Kenneth-Clarke,B-PER
312,pl-622,13,8,Clarke,Clarke,Clarke,subst:sg:nom:m1,PROPN,I-PER,PER-Kenneth-Clarke,B-PER
313,pl-622,13,9,powiedział,,powiedzieć,praet:sg:m1:perf,VERB,O,,O
314,pl-622,13,10,tydzień,,tydzień,subst:sg:acc:m3,NOUN,O,,O
315,pl-622,13,11,temu,,temu,prep:acc,ADP,O,,O
316,pl-622,13,12,„,,„,interp,PUNCT,O,,O
317,pl-622,13,13,Rz,Rz,Rz,subst:sg:nom:m3,PROPN,B-PRO,PRO-Rzeczpospolita,B-PER
318,pl-622,13,14,"""",,"""",interp,PUNCT,O,,O
319,pl-622,13,15,",",,",",interp,PUNCT,O,,O
320,pl-622,13,16,że,,że,comp,SCONJ,O,,O
321,pl-622,13,17,dałoby,,dać by,praet:sg:n:perf part,VERB AUX,O,,O
322,pl-622,13,19,się,,się,part,PRON,O,,O
323,pl-622,13,20,tu,,tu,adv,ADV,O,,O
324,pl-622,13,21,zbudować,,zbudować,inf:perf,VERB,O,,O
325,pl-622,13,22,większość,,większość,subst:sg:acc:f,NOUN,O,,O
326,pl-622,13,23,na,,na,prep:acc,ADP,O,,O
327,pl-622,13,24,rzecz,,rzecz,subst:sg:acc:f,NOUN,O,,O
328,pl-622,13,25,odwrócenie,,odwrócić,ger:sg:acc:n:perf:aff,NOUN,O,,O
329,pl-622,13,26,brexitu,Brexit,brexit,subst:sg:gen:m3,NOUN,B-EVT,EVT-Brexit,B-PER
330,pl-622,13,27,",",,",",interp,PUNCT,O,,O
331,pl-622,13,28,ale,,ale,conj,CCONJ,O,,O
332,pl-622,13,29,pod,,pod,prep:inst:nwok,ADP,O,,O
333,pl-622,13,30,warunkiem,,warunek,subst:sg:inst:m3,NOUN,O,,O
334,pl-622,13,31,że,,że,comp,SCONJ,O,,O
335,pl-622,13,32,nastąpi,,nastąpić,fin:sg:ter:perf,VERB,O,,O
336,pl-622,13,33,trwała,,trwać,praet:sg:f:imperf,VERB,O,,O
337,pl-622,13,34,zmiana,,zmiana,subst:sg:nom:f,NOUN,O,,O
338,pl-622,13,35,podejścia,,podejście,subst:sg:gen:n:ncol,NOUN,O,,O
339,pl-622,13,36,brytyjskiej,,brytyjski,adj:sg:gen:f:pos,ADJ,O,,O
340,pl-622,13,37,opinii,,opinia,subst:sg:gen:f,NOUN,O,,O
341,pl-622,13,38,społecznej,,społeczny,adj:sg:gen:f:pos,ADJ,O,,O
342,pl-622,13,39,w,,w,prep:loc:nwok,ADP,O,,O
343,pl-622,13,40,tej,,ten,adj:sg:loc:f:pos,DET,O,,O
344,pl-622,13,41,sprawie,,sprawa,subst:sg:loc:f,NOUN,O,,O
345,pl-622,13,42,.,,.,interp,PUNCT,O,,O
346,pl-622,14,1,Na,,na,prep:loc,ADP,O,,O
347,pl-622,14,2,razie,,raz,subst:sg:loc:m3,NOUN,O,,O
348,pl-622,14,3,są,,być,fin:pl:ter:imperf,VERB,O,,O
349,pl-622,14,4,tego,,to,subst:sg:gen:n:ncol,PRON,O,,O
350,pl-622,14,5,tylko,,tylko,part,PART,O,,O
351,pl-622,14,6,pojedyncze,,pojedynczy,adj:pl:nom:m3:pos,ADJ,O,,O
352,pl-622,14,7,sygnały,,sygnał,subst:pl:nom:m3,NOUN,O,,O
353,pl-622,14,8,",",,",",interp,PUNCT,O,,O
354,pl-622,14,9,jak,,jak,comp,SCONJ,O,,O
355,pl-622,14,10,sondaż,,sondaż,subst:sg:nom:m3,NOUN,O,,O
356,pl-622,14,11,dla,,dla,prep:gen,ADP,O,,O
357,pl-622,14,12,„,,„,interp,PUNCT,O,,O
358,pl-622,14,13,Independenta,Independent,Independent,subst:sg:gen:m1,PROPN,B-PRO,PRO-The-Independent,B-PER
359,pl-622,14,14,"""",,"""",interp,PUNCT,O,,O
360,pl-622,14,15,",",,",",interp,PUNCT,O,,O
361,pl-622,14,16,w,,w,prep:loc:nwok,ADP,O,,O
362,pl-622,14,17,którym,,który,adj:sg:loc:m3:pos,DET,O,,O
363,pl-622,14,18,51,,51,num:pl:nom:m3:rec,NUM,O,,O
364,pl-622,14,19,proc,,procent,brev:pun,X,O,,O
365,pl-622,14,20,.,,.,interp,PUNCT,O,,O
366,pl-622,14,21,badanych,,badany,subst:pl:gen:m1,NOUN,O,,O
367,pl-622,14,22,opowiedziało,,opowiedzieć,praet:sg:n:perf,VERB,O,,O
368,pl-622,14,23,się,,się,part,PRON,O,,O
369,pl-622,14,24,za,,za,prep:inst,ADP,O,,O
370,pl-622,14,25,pozostaniem,,pozostać,subst:sg:inst:n:perf:aff,NOUN,O,,O
371,pl-622,14,26,w,,w,prep:loc:nwok,ADP,O,,O
372,pl-622,14,27,Unii,Unia,unia,subst:sg:loc:f,NOUN,B-ORG,ORG-European-Union,B-PER
373,pl-622,14,28,",",,",",interp,PUNCT,O,,O
374,pl-622,14,29,a,,a,conj,CCONJ,O,,O
375,pl-622,14,30,tylko,,tylko,part,PART,O,,O
376,pl-622,14,31,41,,41,num:pl:nom:m3:rec,NUM,O,,O
377,pl-622,14,32,proc,,procent,brev:pun,X,O,,O
378,pl-622,14,33,.,,.,interp,PUNCT,O,,O
379,pl-622,14,34,za,,za,prep:inst,ADP,O,,O
380,pl-622,14,35,jej,,on,ppron3:sg:gen:f:ter:akc:npraep,PRON,O,,O
381,pl-622,14,36,opuszczeniem,,opuścić,subst:sg:inst:n:ncol,NOUN,O,,O
382,pl-622,14,37,.,,.,interp,PUNCT,O,,O
383,pl-622,15,1,Ta,,ten,adj:sg:nom:f:pos,DET,O,,O
384,pl-622,15,2,zmiana,,zmiana,subst:sg:nom:f,NOUN,O,,O
385,pl-622,15,3,może,,móc,fin:sg:ter:imperf,VERB,O,,O
386,pl-622,15,4,się,,się,part,PRON,O,,O
387,pl-622,15,5,utrwalić,,utrwalić,inf:perf,VERB,O,,O
388,pl-622,15,6,dopiero,,dopiero,part,PART,O,,O
389,pl-622,15,7,",",,",",interp,PUNCT,O,,O
390,pl-622,15,8,kiedy,,kiedy,adv,ADV,O,,O
391,pl-622,15,9,ludzie,,człowiek,subst:pl:nom:m1,NOUN,O,,O
392,pl-622,15,10,odczują,,odczuć,fin:pl:ter:perf,VERB,O,,O
393,pl-622,15,11,trwałe,,trwały,adj:sg:acc:n:pos,ADJ,O,,O
394,pl-622,15,12,pogorszenie,,pogorszyć,ger:sg:acc:n:perf:aff,NOUN,O,,O
395,pl-622,15,13,sytuacji,,sytuacja,subst:sg:gen:f,NOUN,O,,O
396,pl-622,15,14,gospodarczej,,gospodarczy,adj:sg:gen:f:pos,ADJ,O,,O
397,pl-622,15,15,.,,.,interp,PUNCT,O,,O
398,pl-622,16,1,Na,,na,prep:loc,ADP,O,,O
399,pl-622,16,2,razie,,raz,subst:sg:loc:m3,NOUN,O,,O
400,pl-622,16,3,reagują,,reagować,fin:pl:ter:imperf,VERB,O,,O
401,pl-622,16,4,tylko,,tylko,part,PART,O,,O
402,pl-622,16,5,na,,na,prep:acc,ADP,O,,O
403,pl-622,16,6,porażki,,porażka,subst:pl:acc:f,NOUN,O,,O
404,pl-622,16,7,May,May,May,subst:sg:nom:n,PROPN,B-PER,PER-Theresa-May,B-PER
405,pl-622,16,8,w,,w,prep:loc:nwok,ADP,O,,O
406,pl-622,16,9,negocjacjach,,negocjacja,subst:pl:loc:m3,NOUN,O,,O
407,pl-622,16,10,z,,z,prep:inst:nwok,ADP,O,,O
408,pl-622,16,11,Brukselą,Bruksela,Bruksela,subst:sg:inst:f,PROPN,B-LOC,GPE-Brussles,B-PER
409,pl-622,16,12,",",,",",interp,PUNCT,O,,O
410,pl-622,16,13,które,,który,adj:pl:nom:f:pos,DET,O,,O
411,pl-622,16,14,jednak,,jednak,part,PART,O,,O
412,pl-622,16,15,mogą,,móc,fin:pl:ter:imperf,VERB,O,,O
413,pl-622,16,16,być,,być,inf:imperf,AUX,O,,O
414,pl-622,16,17,przejściowe,,przejściowy,adj:pl:nom:f:pos,ADJ,O,,O
415,pl-622,16,18,–,,–,interp,PUNCT,O,,O
416,pl-622,16,19,uważa,,uważać,fin:sg:ter:imperf,VERB,O,,O
417,pl-622,16,20,Agata,Agata,Agata,subst:sg:nom:f,PROPN,B-PER,PER-Agata-Gostyńska-Jakubowska,B-PER
418,pl-622,16,21,Gostyńska,Gostyńska,Gostyńska,subst:sg:nom:f,PROPN,I-PER,PER-Agata-Gostyńska-Jakubowska,B-PER
419,pl-622,16,22,.,,.,interp,PUNCT,O,,O
420,pl-622,17,1,Co,,co,prep:nom,ADP,O,,O
421,pl-622,17,2,prawda,,prawda,subst:sg:nom:f,NOUN,O,,O
422,pl-622,17,3,przez,,przez,prep:acc:nwok,ADP,O,,O
423,pl-622,17,4,ostatnie,,ostatni,adj:sg:acc:m3:pos,ADJ,O,,O
424,pl-622,17,5,półtora,,półtora,num:sg:acc:m3:rec,NUM,O,,O
425,pl-622,17,6,roku,,rok,subst:sg:gen:m3,NOUN,O,,O
426,pl-622,17,7,funt,,funt,subst:sg:nom:m3,NOUN,O,,O
427,pl-622,17,8,się,,się,part,PRON,O,,O
428,pl-622,17,9,załamał,,załamać,praet:sg:m3:perf,VERB,O,,O
429,pl-622,17,10,",",,",",interp,PUNCT,O,,O
430,pl-622,17,11,zaś,,zaś,conj,CCONJ,O,,O
431,pl-622,17,12,gospodarka,,gospodarka,subst:sg:nom:f,NOUN,O,,O
432,pl-622,17,13,rozwija,,rozwijać,fin:sg:ter:imperf,VERB,O,,O
433,pl-622,17,14,się,,się,part,PRON,O,,O
434,pl-622,17,15,najwolniej,,kolnie,adv:sup,ADV,O,,O
435,pl-622,17,16,w,,w,prep:loc:nwok,ADP,O,,O
436,pl-622,17,17,całej,,cały,adj:sg:loc:f:pos,ADJ,O,,O
437,pl-622,17,18,Unii,Unia,unia,subst:sg:loc:f,NOUN,B-ORG,ORG-European-Union,B-PER
438,pl-622,17,19,",",,",",interp,PUNCT,O,,O
439,pl-622,17,20,ale,,ale,conj,CCONJ,O,,O
440,pl-622,17,21,bezrobocie,,bezrobocie,subst:sg:nom:n:ncol,NOUN,O,,O
441,pl-622,17,22,pozostaje,,pozostawać,fin:sg:ter:imperf,VERB,O,,O
442,pl-622,17,23,bardzo,,bardzo,adv:pos,ADV,O,,O
443,pl-622,17,24,niskie,,niski,adj:sg:nom:n:pos,ADJ,O,,O
444,pl-622,17,25,",",,",",interp,PUNCT,O,,O
445,pl-622,17,26,co,,co,subst:sg:nom:n:ncol,PRON,O,,O
446,pl-622,17,27,przekłada,,przekładać,fin:sg:ter:imperf,VERB,O,,O
447,pl-622,17,28,się,,się,part,PRON,O,,O
448,pl-622,17,29,na,,na,prep:acc,ADP,O,,O
449,pl-622,17,30,wzrost,,wzrost,subst:sg:acc:m3,NOUN,O,,O
450,pl-622,17,31,pensji,,pensja,subst:sg:gen:f,NOUN,O,,O
451,pl-622,17,32,.,,.,interp,PUNCT,O,,O
452,pl-622,18,1,Mimo,,mimo,prep:acc,ADP,O,,O
453,pl-622,18,2,wszystko,,wszystko,subst:sg:acc:n:ncol,PRON,O,,O
454,pl-622,18,3,pod,,pod,prep:acc:nwok,ADP,O,,O
455,pl-622,18,4,koniec,,koniec,subst:sg:acc:m3,NOUN,O,,O
456,pl-622,18,5,roku,,rok,subst:sg:gen:m3,NOUN,O,,O
457,pl-622,19,1,May,May,May,subst:sg:nom:f,PROPN,B-PER,PER-Theresa-May,B-PER
458,pl-622,19,2,przegrała,,przegrać,praet:sg:f:perf,VERB,O,,O
459,pl-622,19,3,głosowanie,,głosowanie,subst:sg:acc:n:ncol,NOUN,O,,O
460,pl-622,19,4,w,,w,prep:loc:nwok,ADP,O,,O
461,pl-622,19,5,sprawie,,sprawa,subst:sg:loc:f,NOUN,O,,O
462,pl-622,19,6,przyznania,,przyznać,ger:sg:gen:n:perf:aff,NOUN,O,,O
463,pl-622,19,7,Izbie,Izba,izba,subst:sg:gen:f,NOUN,B-ORG,ORG-House-of-Commons,B-PER
464,pl-622,19,8,Gmin,Gmin,gmin,subst:pl:gen:f,NOUN,I-ORG,ORG-House-of-Commons,B-PER
465,pl-622,19,9,prawa,,prawo,subst:sg:gen:n:ncol,NOUN,O,,O
466,pl-622,19,10,do,,do,prep:gen,ADP,O,,O
467,pl-622,19,11,ostatecznego,,ostateczny,adj:sg:gen:n:pos,ADJ,O,,O
468,pl-622,19,12,zatwierdzenia,,zatwierdzić,ger:sg:gen:n:perf:aff,NOUN,O,,O
469,pl-622,19,13,umowy,,umowa,subst:sg:gen:f,NOUN,O,,O
470,pl-622,19,14,o,,o,prep:loc,ADP,O,,O
471,pl-622,19,15,brexicie,Brexit,brexit,subst:sg:loc:m3,NOUN,B-EVT,EVT-Brexit,B-PER
472,pl-622,19,16,.,,.,interp,PUNCT,O,,O
473,pl-622,20,1,Posłowie,,poseł,subst:pl:nom:m1,NOUN,O,,O
474,pl-622,20,2,",",,",",interp,PUNCT,O,,O
475,pl-622,20,3,wśród,,wśród,prep:gen,ADP,O,,O
476,pl-622,20,4,których,,który,adj:pl:gen:m1:pos,DET,O,,O
477,pl-622,20,5,zawsze,,zawsze,adv,ADV,O,,O
478,pl-622,20,6,większość,,większość,subst:sg:nom:f,NOUN,O,,O
479,pl-622,20,7,chciała,,chcieć,praet:sg:f:imperf,VERB,O,,O
480,pl-622,20,8,pozostania,,pozostać,ger:sg:gen:n:perf:aff,NOUN,O,,O
481,pl-622,20,9,kraju,,kraj,subst:sg:gen:m3,NOUN,O,,O
482,pl-622,20,10,w,,w,prep:loc:nwok,ADP,O,,O
483,pl-622,20,11,Unii,Unia,unia,subst:sg:loc:f,NOUN,B-ORG,ORG-European-Union,B-PER
484,pl-622,20,12,",",,",",interp,PUNCT,O,,O
485,pl-622,20,13,odzyskują,,odzyskiwać,fin:pl:ter:imperf,VERB,O,,O
486,pl-622,20,14,więc,,więc,comp,SCONJ,O,,O
487,pl-622,20,15,inicjatywę,,inicjatywa,subst:sg:acc:f,NOUN,O,,O
488,pl-622,20,16,.,,.,interp,PUNCT,O,,O
489,pl-622,21,1,Aby,,aby,comp,SCONJ,O,,O
490,pl-622,21,2,ratować,,ratować,inf:imperf,VERB,O,,O
491,pl-622,21,3,swoją,,swój,adj:sg:acc:f:pos,DET,O,,O
492,pl-622,21,4,słabnącą,,słabnąć,pact:sg:acc:f:imperf:aff,ADJ,O,,O
493,pl-622,21,5,pozycję,,pozycja,subst:sg:acc:f,NOUN,O,,O
494,pl-622,21,6,",",,",",interp,PUNCT,O,,O
495,pl-622,21,7,May,May,May,subst:sg:nom:f,PROPN,B-PER,PER-Theresa-May,B-PER
496,pl-622,21,8,w,,w,prep:loc:nwok,ADP,O,,O
497,pl-622,21,9,tym,,ten,adj:sg:loc:m3:pos,DET,O,,O
498,pl-622,21,10,tygodniu,,tydzień,subst:sg:loc:m3,NOUN,O,,O
499,pl-622,21,11,przeprowadzi,,przeprowadzić,fin:sg:ter:perf,VERB,O,,O
500,pl-622,21,12,rekonstrukcję,,rekonstrukcja,subst:sg:acc:f,NOUN,O,,O
501,pl-622,21,13,rządu,,rząd,subst:sg:gen:m3,NOUN,O,,O
502,pl-622,21,14,.,,.,interp,PUNCT,O,,O
503,pl-622,22,1,Ale,,ale,conj,CCONJ,O,,O
504,pl-622,22,2,ani,,ani,conj,CCONJ,O,,O
505,pl-622,22,3,ona,,on,ppron3:sg:nom:f:ter:akc:npraep,PRON,O,,O
506,pl-622,22,4,",",,",",interp,PUNCT,O,,O
507,pl-622,22,5,ani,,ani,conj,CCONJ,O,,O
508,pl-622,22,6,Corbyn,Corbyn,Corbyn,subst:sg:nom:m1,PROPN,B-PER,PER-Jeremy-Corbyn,B-PER
509,pl-622,22,7,wciąż,,wciąż,adv,ADV,O,,O
510,pl-622,22,8,nie,,nie,part,PART,O,,O
511,pl-622,22,9,mają,,mieć,fin:pl:ter:imperf,VERB,O,,O
512,pl-622,22,10,jasnej,,jasny,adj:sg:gen:f:pos,ADJ,O,,O
513,pl-622,22,11,wizji,,wizja,subst:sg:gen:f,NOUN,O,,O
514,pl-622,22,12,",",,",",interp,PUNCT,O,,O
515,pl-622,22,13,jakich,,jaki,adj:pl:gen:f:pos,DET,O,,O
516,pl-622,22,14,chcą,,chcieć,fin:pl:ter:imperf,VERB,O,,O
517,pl-622,22,15,relacji,,relacja,subst:pl:gen:f,NOUN,O,,O
518,pl-622,22,16,z,,z,prep:inst:nwok,ADP,O,,O
519,pl-622,22,17,Unią,Unia,unia,subst:sg:inst:f,NOUN,B-ORG,ORG-European-Union,B-PER
520,pl-622,22,18,po,,po,prep:loc,ADP,O,,O
521,pl-622,22,19,brexicie,Brexit,brexit,subst:sg:loc:m3,NOUN,B-EVT,EVT-Brexit,B-PER
522,pl-622,22,20,.,,.,interp,PUNCT,O,,O
523,pl-622,23,1,Sondaż,,sondaż,subst:sg:nom:m3,NOUN,O,,O
524,pl-622,23,2,Queen,Queen,Queen,subst:sg:nom:m3,PROPN,B-ORG,ORG-Queen-Mary-University,B-PER
525,pl-622,23,3,Mary,Mary,Mary,subst:sg:nom:f,PROPN,I-ORG,ORG-Queen-Mary-University,B-PER
526,pl-622,23,4,University,University,University,subst:sg:nom:m3,PROPN,I-ORG,ORG-Queen-Mary-University,B-PER
527,pl-622,23,5,pokazuje,,pokazywać,fin:sg:ter:imperf,VERB,O,,O
528,pl-622,23,6,",",,",",interp,PUNCT,O,,O
529,pl-622,23,7,że,,że,comp,SCONJ,O,,O
530,pl-622,23,8,85,,85,num:pl:nom:m3:rec,NUM,O,,O
531,pl-622,23,9,proc,,procent,brev:pun,X,O,,O
532,pl-622,23,10,.,,.,interp,PUNCT,O,,O
533,pl-622,23,11,szeregowych,,szeregowy,adj:pl:gen:m1:pos,ADJ,O,,O
534,pl-622,23,12,członków,,członek,subst:pl:gen:m1,NOUN,O,,O
535,pl-622,23,13,Partii,Partia,partia,subst:sg:gen:f,NOUN,B-ORG,ORG-Labour-Party-UK,B-PER
536,pl-622,23,14,Pracy,Pracy,praca,subst:sg:gen:f,NOUN,I-ORG,ORG-Labour-Party-UK,B-PER
537,pl-622,23,15,chce,,chcieć,fin:sg:ter:imperf,VERB,O,,O
538,pl-622,23,16,pozostania,,pozostać,ger:sg:gen:n:perf:aff,NOUN,O,,O
539,pl-622,23,17,kraju,,kraj,subst:sg:gen:m3,NOUN,O,,O
540,pl-622,23,18,w,,w,prep:loc:nwok,ADP,O,,O
541,pl-622,23,19,unii,Unia,unia,subst:sg:loc:f,NOUN,B-ORG,ORG-European-Union,B-PER
542,pl-622,23,20,celnej,,celny,adj:sg:loc:f:pos,ADJ,O,,O
543,pl-622,23,21,",",,",",interp,PUNCT,O,,O
544,pl-622,23,22,a,,a,conj,CCONJ,O,,O
545,pl-622,23,23,87,,87,num:pl:nom:m3:rec,NUM,O,,O
546,pl-622,23,24,proc,,procent,brev:pun,X,O,,O
547,pl-622,23,25,.,,.,interp,PUNCT,O,,O
548,pl-622,23,26,–,,–,interp,PUNCT,O,,O
549,pl-622,23,27,we,,w,prep:loc:wok,ADP,O,,O
550,pl-622,23,28,wspólnym,,wspólny,adj:sg:loc:m3:pos,ADJ,O,,O
551,pl-622,23,29,rynku,,rynek,subst:sg:loc:m3,NOUN,O,,O
552,pl-622,23,30,(,,(,interp,PUNCT,O,,O
553,pl-622,23,31,odpowiednio,,odpowiednio,adv:pos,ADV,O,,O
554,pl-622,23,32,27,,27,num:pl:nom:m3:rec,NUM,O,,O
555,pl-622,23,33,i,,i,conj,CCONJ,O,,O
556,pl-622,23,34,25,,25,num:pl:nom:m3:rec,NUM,O,,O
557,pl-622,23,35,proc,,procent,brev:pun,X,O,,O
558,pl-622,23,36,.,,.,interp,PUNCT,O,,O
559,pl-622,23,37,w,,w,prep:loc:nwok,ADP,O,,O
560,pl-622,23,38,przypadku,,przypadek,subst:sg:loc:m3,NOUN,O,,O
561,pl-622,23,39,torysów,torysi,torys,subst:pl:gen:m1,NOUN,B-PER,ORG-Tories,B-PER
562,pl-622,23,40,),,),interp,PUNCT,O,,O
563,pl-622,23,41,.,,.,interp,PUNCT,O,,O
564,pl-622,24,1,Blair,Blair,Blair,subst:sg:nom:f,PROPN,B-PER,PER-Tony-Blair,B-PER
565,pl-622,24,2,wskazuje,,wskazywać,fin:sg:ter:imperf,VERB,O,,O
566,pl-622,24,3,jednak,,jednak,conj,CCONJ,O,,O
567,pl-622,24,4,",",,",",interp,PUNCT,O,,O
568,pl-622,24,5,że,,że,comp,SCONJ,O,,O
569,pl-622,24,6,układ,,układ,subst:sg:nom:m3,NOUN,O,,O
570,pl-622,24,7,",",,",",interp,PUNCT,O,,O
571,pl-622,24,8,w,,w,prep:loc:nwok,ADP,O,,O
572,pl-622,24,9,którym,,który,adj:sg:loc:m3:pos,DET,O,,O
573,pl-622,24,10,Wielka,Wielka,wielki,adj:sg:nom:f:pos,ADJ,B-LOC,GPE-Great-Britain,B-PER
574,pl-622,24,11,Brytania,Brytania,Brytania,subst:sg:nom:f,PROPN,I-LOC,GPE-Great-Britain,B-PER
575,pl-622,24,12,stosuje,,stosować,fin:sg:ter:imperf,VERB,O,,O
576,pl-622,24,13,całość,,całość,subst:sg:acc:f,NOUN,O,,O
577,pl-622,24,14,prawa,,prawo,subst:sg:gen:n:ncol,NOUN,O,,O
578,pl-622,24,15,europejskiego,,europejski,adj:sg:gen:n:pos,ADJ,O,,O
579,pl-622,24,16,",",,",",interp,PUNCT,O,,O
580,pl-622,24,17,ale,,ale,conj,CCONJ,O,,O
581,pl-622,24,18,nie,,nie,part,PART,O,,O
582,pl-622,24,19,ma,,mieć,fin:sg:ter:imperf,VERB,O,,O
583,pl-622,24,20,już,,już,part,PART,O,,O
584,pl-622,24,21,wpływu,,wpływ,subst:sg:gen:m3,NOUN,O,,O
585,pl-622,24,22,na,,na,prep:acc,ADP,O,,O
586,pl-622,24,23,jego,,on,ppron3:sg:gen:m3:ter:akc:npraep,PRON,O,,O
587,pl-622,24,24,kształt,,kształt,subst:sg:acc:m3,NOUN,O,,O
588,pl-622,24,25,",",,",",interp,PUNCT,O,,O
589,pl-622,24,26,w,,w,prep:loc:nwok,ADP,O,,O
590,pl-622,24,27,niczym,,nic,subst:sg:loc:n:ncol,PRON,O,,O
591,pl-622,24,28,nie,,nie,part,PART,O,,O
592,pl-622,24,29,poprawia,,poprawiać,fin:sg:ter:imperf,VERB,O,,O
593,pl-622,24,30,pozycji,,pozycja,subst:sg:gen:f,NOUN,O,,O
594,pl-622,24,31,kraju,,kraj,subst:sg:gen:m3,NOUN,O,,O
595,pl-622,24,32,wobec,,wobec,prep:gen,ADP,O,,O
596,pl-622,24,33,Brukseli,Bruksela,Bruksela,subst:sg:gen:f,PROPN,B-LOC,GPE-Brussles,B-PER
597,pl-622,24,34,.,,.,interp,PUNCT,O,,O
598,pl-622,25,1,Ewentualne,,ewentualny,adj:pl:nom:n:pos,ADJ,O,,O
599,pl-622,25,2,przedterminowe,,przedterminowy,adj:pl:nom:n:pos,ADJ,O,,O
600,pl-622,25,3,wybory,,wybory,subst:pl:nom:n:pt,NOUN,O,,O
601,pl-622,25,4,wygrałby,,wygrać by,praet:sg:m1:perf part,VERB AUX,O,,O
602,pl-622,25,6,dziś,,dziś,adv,ADV,O,,O
603,pl-622,25,7,zapewne,,zapewne,part,PART,O,,O
604,pl-622,25,8,Corbyn,Corbyn,Corbyn,subst:sg:nom:m3,PROPN,B-PER,PER-Jeremy-Corbyn,B-PER
605,pl-622,25,9,–,,–,interp,PUNCT,O,,O
606,pl-622,25,10,wynika,,wynikać,fin:sg:ter:imperf,VERB,O,,O
607,pl-622,25,11,z,,z,prep:gen:nwok,ADP,O,,O
608,pl-622,25,12,sondaży,,sondaż,subst:pl:gen:m3,NOUN,O,,O
609,pl-622,25,13,.,,.,interp,PUNCT,O,,O
610,pl-622,26,1,Rozpocząłby,,rozpocząć by,praet:sg:m1:perf part,VERB AUX,O,,O
611,pl-622,26,3,on,,on,ppron3:sg:nom:m1:ter:akc:npraep,PRON,O,,O
612,pl-622,26,4,wówczas,,wówczas,adv,ADV,O,,O
613,pl-622,26,5,realizację,,realizacja,subst:sg:acc:f,NOUN,O,,O
614,pl-622,26,6,szerokiego,,szeroki,adj:sg:gen:m3:pos,ADJ,O,,O
615,pl-622,26,7,programu,,program,subst:sg:gen:m3,NOUN,O,,O
616,pl-622,26,8,rozbudowy,,rozbudowa,subst:sg:gen:f,NOUN,O,,O
617,pl-622,26,9,subwencji,,subwencja,subst:pl:gen:f,NOUN,O,,O
618,pl-622,26,10,socjalnych,,socjalny,adj:pl:gen:f:pos,ADJ,O,,O
619,pl-622,26,11,i,,i,conj,CCONJ,O,,O
620,pl-622,26,12,odwrócenia,,odwrócić,ger:sg:gen:n:perf:aff,NOUN,O,,O
621,pl-622,26,13,radykalnych,,radykalny,adj:pl:gen:n:pos,ADJ,O,,O
622,pl-622,26,14,cięć,,cięcie,subst:pl:gen:n:ncol,NOUN,O,,O
623,pl-622,26,15,Davida,David,David,subst:sg:gen:m1,PROPN,B-PER,PER-David-Cameron,B-PER
624,pl-622,26,16,Camerona,Cameron,Cameron,subst:sg:gen:m1,PROPN,I-PER,PER-David-Cameron,B-PER
625,pl-622,26,17,.,,.,interp,PUNCT,O,,O
626,pl-622,27,1,Jednak,,jednak,conj,CCONJ,O,,O
627,pl-622,27,2,Blair,Blair,Blair,subst:sg:nom:f,PROPN,B-PER,PER-Tony-Blair,B-PER
628,pl-622,27,3,ostrzega,,ostrzegać,fin:sg:ter:imperf,VERB,O,,O
629,pl-622,27,4,",",,",",interp,PUNCT,O,,O
630,pl-622,27,5,że,,że,comp,SCONJ,O,,O
631,pl-622,27,6,poza,,poza,prep:inst,ADP,O,,O
632,pl-622,27,7,Unią,Unia,unia,subst:sg:inst:f,NOUN,B-ORG,ORG-European-Union,B-PER
633,pl-622,27,8,Wielka,Wielka,wielki,adj:sg:nom:f:pos,ADJ,B-LOC,GPE-Great-Britain,B-PER
634,pl-622,27,9,Brytania,Brytania,Brytania,subst:sg:nom:f,PROPN,I-LOC,GPE-Great-Britain,B-PER
635,pl-622,27,10,nie,,nie,part,PART,O,,O
636,pl-622,27,11,miałaby,,mieć by,praet:sg:f:imperf part,VERB AUX,O,,O
637,pl-622,27,13,na,,na,prep:acc,ADP,O,,O
638,pl-622,27,14,to,,to,subst:sg:acc:n:ncol,PRON,O,,O
639,pl-622,27,15,środków,,środek,subst:pl:gen:m3,NOUN,O,,O
640,pl-622,27,16,.,,.,interp,PUNCT,O,,O
641,pl-622,28,1,Ale,,ale,conj,CCONJ,O,,O
642,pl-622,28,2,zapowiada,,zapowiadać,fin:sg:ter:imperf,VERB,O,,O
643,pl-622,28,3,",",,",",interp,PUNCT,O,,O
644,pl-622,28,4,że,,że,comp,SCONJ,O,,O
645,pl-622,28,5,jeśli,,jeśli,comp,SCONJ,O,,O
646,pl-622,28,6,w,,w,prep:loc:nwok,ADP,O,,O
647,pl-622,28,7,ewentualnym,,ewentualny,adj:sg:loc:n:pos,ADJ,O,,O
648,pl-622,28,8,drugim,,drugi,adj:sg:loc:n:pos,ADJ,O,,O
649,pl-622,28,9,referendum,,referendum,subst:sg:loc:n:ncol,NOUN,O,,O
650,pl-622,28,10,Brytyjczycy,Brytyjczycy,Brytyjczyk,subst:pl:nom:m1,PROPN,B-PER,GPE-Great-Britain,B-PER
651,pl-622,28,11,znów,,znów,part,PART,O,,O
652,pl-622,28,12,opowiedzą,,opowiedzieć,fin:pl:ter:perf,VERB,O,,O
653,pl-622,28,13,się,,się,part,PRON,O,,O
654,pl-622,28,14,za,,za,prep:inst,ADP,O,,O
655,pl-622,28,15,brexitem,Brexit,brexit,subst:sg:inst:m3,NOUN,B-EVT,EVT-Brexit,B-PER
656,pl-622,28,16,",",,",",interp,PUNCT,O,,O
657,pl-622,28,17,nie,,nie,part,PART,O,,O
658,pl-622,28,18,będzie,,być,bedzie:sg:ter:imperf,AUX,O,,O
659,pl-622,28,19,walczył,,walczyć,praet:sg:m1:imperf,VERB,O,,O
660,pl-622,28,20,o,,o,prep:acc,ADP,O,,O
661,pl-622,28,21,trzecie,,trzeci,adj:sg:acc:n:pos,ADJ,O,,O
662,pl-622,28,22,.,,.,interp,PUNCT,O,,O
663,pl-622,29,1,–,,–,interp,PUNCT,O,,O
664,pl-622,29,2,To,,to,pred,AUX,O,,O
665,pl-622,29,3,będzie,,być,bedzie:sg:ter:imperf,AUX,O,,O
666,pl-622,29,4,koniec,,koniec,subst:sg:nom:m3,NOUN,O,,O
667,pl-622,29,5,sporu,,spór,subst:sg:gen:m3,NOUN,O,,O
668,pl-622,29,6,–,,–,interp,PUNCT,O,,O
669,pl-622,29,7,obiecuje,,obiecywać,fin:sg:ter:imperf,VERB,O,,O
670,pl-622,29,8,były,,były,adj:sg:nom:m1:pos,ADJ,O,,O
671,pl-622,29,9,premier,,premier,subst:sg:nom:m1,NOUN,O,,O
672,pl-622,29,10,.,,.,interp,PUNCT,O,,O
