docId,sentenceId,tokenId,text,lemma,calcLemma,upos,xpos,ner,clID,calcNER
sl-62,0,1,Težave,,težava,Ncfpn,NOUN,O,,O
sl-62,0,2,letala,,letalo,Ncnsg,NOUN,O,,O
sl-62,0,3,",",,",",Z,PUNCT,O,,O
sl-62,0,4,ki,,ki,Cs,SCONJ,O,,O
sl-62,0,5,je,,biti,Va-r3s-n,AUX,O,,O
sl-62,0,6,prvič,,prvič,Rgp,ADV,O,,O
sl-62,0,7,poletelo,,poleteti,Vmep-sn,VERB,O,,O
sl-62,0,8,pred,,pred,Si,ADP,O,,O
sl-62,0,9,več,,več,Rgc,DET,O,,O
sl-62,0,10,kot,,kot,Cs,SCONJ,O,,O
sl-62,0,11,50,,50,Mdc,NUM,O,,O
sl-62,0,12,leti,,leto,Ncnpi,NOUN,O,,O
sl-62,1,1,Letalo,,letalo,Ncnsn,NOUN,O,,O
sl-62,1,2,boeing,boeing,boeing,Ncmsn,NOUN,B-PRO,PRO-Boeing-737-Max,B-PRO
sl-62,1,3,737,737,737,Mdc,NUM,I-PRO,PRO-Boeing-737-Max,I-PRO
sl-62,1,4,MAX,MAX,Max,Npmsn,PROPN,I-PRO,PRO-Boeing-737-Max,I-PRO
sl-62,1,5,se,,se,Px------y,PRON,O,,O
sl-62,1,6,zadnje,,zadnji,Agpmpa,ADJ,O,,O
sl-62,1,7,dneve,,dan,Ncmpa,NOUN,O,,O
sl-62,1,8,sooča,,soočati,Vmpr3s,VERB,O,,O
sl-62,1,9,s,,z,Si,ADP,O,,O
sl-62,1,10,številnimi,,številen,Agpfpi,ADJ,O,,O
sl-62,1,11,kritikami,,kritika,Ncfpi,NOUN,O,,O
sl-62,1,12,o,,o,Sl,ADP,O,,O
sl-62,1,13,varnosti,,varnost,Ncfsl,NOUN,O,,O
sl-62,1,14,.,,.,Z,PUNCT,O,,O
sl-62,2,1,Že,,že,Q,PART,O,,O
sl-62,2,2,druga,,drug,Mlpfsn,ADJ,O,,O
sl-62,2,3,nesreča,,nesreča,Ncfsn,NOUN,O,,O
sl-62,2,4,tega,,ta,Pd-msg,DET,O,,O
sl-62,2,5,tipa,,tip,Ncmsg,NOUN,O,,O
sl-62,2,6,letala,,letalo,Ncnsg,NOUN,O,,O
sl-62,2,7,v,,v,Sl,ADP,O,,O
sl-62,2,8,podobnih,,podoben,Agpfpl,ADJ,O,,O
sl-62,2,9,okoliščinah,,okoliščina,Ncfpl,NOUN,O,,O
sl-62,2,10,je,,biti,Va-r3s-n,AUX,O,,O
sl-62,2,11,sprožila,,sprožiti,Vmep-sf,VERB,O,,O
sl-62,2,12,debate,,debata,Ncfpa,NOUN,O,,O
sl-62,2,13,in,,in,Cc,CCONJ,O,,O
sl-62,2,14,strah,,strah,Ncmsan,NOUN,O,,O
sl-62,2,15,pred,,pred,Si,ADP,O,,O
sl-62,2,16,varnostjo,,varnost,Ncfsi,NOUN,O,,O
sl-62,2,17,",",,",",Z,PUNCT,O,,O
sl-62,2,18,zaradi,,zaradi,Sg,ADP,O,,O
sl-62,2,19,katerih,,kateri,Pq-fpg,DET,O,,O
sl-62,2,20,so,,biti,Va-r3p-n,AUX,O,,O
sl-62,2,21,številne,,številen,Agpfpn,ADJ,O,,O
sl-62,2,22,države,,država,Ncfpn,NOUN,O,,O
sl-62,2,23,po,,po,Sl,ADP,O,,O
sl-62,2,24,svetu,,svet,Ncmsl,NOUN,O,,O
sl-62,2,25,letalo,,letalo,Ncnsn,NOUN,O,,O
sl-62,2,26,prizemljile,,prizemljiti,Vmep-pf,VERB,O,,O
sl-62,2,27,.,,.,Z,PUNCT,O,,O
sl-62,3,1,Do,,do,Sg,ADP,O,,O
sl-62,3,2,zdaj,ZDA,zdaj,Rgp,ADV,B-LOC,GPE-USA,O
sl-62,3,3,so,,biti,Va-r3p-n,AUX,O,,O
sl-62,3,4,naredili,,narediti,Vmep-pm,VERB,O,,O
sl-62,3,5,več,,več,Rgc,DET,O,,O
sl-62,3,6,kot,,kot,Cs,SCONJ,O,,O
sl-62,3,7,10.000,,10.000,Mdc,NUM,O,,O
sl-62,3,8,letal,letala,letalo,Ncnpg,NOUN,B-PRO,PRO-Boeing-737,B-PRO
sl-62,3,9,737,737,737,Mdc,NUM,I-PRO,PRO-Boeing-737,I-PRO
sl-62,3,10,",",,",",Z,PUNCT,O,,O
sl-62,3,11,varianta,,varianta,Ncfsn,NOUN,O,,O
sl-62,3,12,MAX,MAX,Max,Npmsn,PROPN,B-PRO,PRO-Boeing-MAX,B-PRO
sl-62,3,13,je,,biti,Va-r3s-n,AUX,O,,O
sl-62,3,14,zgolj,,zgolj,Q,PART,O,,O
sl-62,3,15,zadnja,,zadnji,Agpfsn,ADJ,O,,O
sl-62,3,16,posodobitev,,posodobitev,Ncfsn,NOUN,O,,O
sl-62,3,17,ikoničnega,,ikoničen,Agpnsg,ADJ,O,,O
sl-62,3,18,letala,,letalo,Ncnsg,NOUN,O,,O
sl-62,3,19,",",,",",Z,PUNCT,O,,O
sl-62,3,20,ki,,ki,Cs,SCONJ,O,,O
sl-62,3,21,je,,biti,Va-r3s-n,AUX,O,,O
sl-62,3,22,spremenilo,,spremeniti,Vmep-sn,VERB,O,,O
sl-62,3,23,način,,način,Ncmsan,NOUN,O,,O
sl-62,3,24,potovanja,,potovanje,Ncnsg,NOUN,O,,O
sl-62,3,25,in,,in,Cc,CCONJ,O,,O
sl-62,3,26,poslovne,,posloven,Agpmpa,ADJ,O,,O
sl-62,3,27,modele,,model,Ncmpa,NOUN,O,,O
sl-62,3,28,letalskih,,letalski,Agpfpg,ADJ,O,,O
sl-62,3,29,družb,,družba,Ncfpg,NOUN,O,,O
sl-62,3,30,.,,.,Z,PUNCT,O,,O
sl-62,4,1,Boeing,Boeing,Boeing,Npmsn,PROPN,B-ORG,ORG-Boeing,B-ORG
sl-62,4,2,je,,biti,Va-r3s-n,AUX,O,,O
sl-62,4,3,letala,letala,letalo,Ncnpa,NOUN,B-PRO,PRO-Boeing-737,B-PRO
sl-62,4,4,737,737,737,Mdc,NUM,I-PRO,PRO-Boeing-737,I-PRO
sl-62,4,5,poimenoval,,poimenovati,Vmep-sm,VERB,O,,O
sl-62,4,6,z,,z,Si,ADP,O,,O
sl-62,4,7,različnimi,,različen,Agpfpi,ADJ,O,,O
sl-62,4,8,serijskimi,,serijski,Agpfpi,ADJ,O,,O
sl-62,4,9,oznakami,,oznaka,Ncfpi,NOUN,O,,O
sl-62,4,10,",",,",",Z,PUNCT,O,,O
sl-62,4,11,začeli,,začeti,Vmep-pm,VERB,O,,O
sl-62,4,12,so,,biti,Va-r3p-n,AUX,O,,O
sl-62,4,13,s,,z,Si,ADP,O,,O
sl-62,4,14,100.,100,100.,Mdo,NUM,B-PRO,PRO-Boeing-737-100,O
sl-62,5,1,Prvi,,prvi,Mlomsn,ADJ,O,,B-PRO
sl-62,5,2,737,737,737,Mdc,NUM,B-PRO,PRO-Boeing-737,B-PRO
sl-62,5,3,je,,biti,Va-r3s-n,AUX,O,,O
sl-62,5,4,bil,,biti,Va-p-sm,AUX,O,,O
sl-62,5,5,označen,,označen,Appmsnn,ADJ,O,,O
sl-62,5,6,z,,z,Si,ADP,O,,O
sl-62,5,7,737,737,737,Mdc,NUM,B-PRO,PRO-Boeing-737-100,B-PRO
sl-62,5,8,-,-,-,Z,PUNCT,I-PRO,PRO-Boeing-737-100,I-PRO
sl-62,5,9,100,100,100,Mdc,NUM,I-PRO,PRO-Boeing-737-100,I-PRO
sl-62,5,10,in,,in,Cc,CCONJ,O,,O
sl-62,5,11,je,,biti,Va-r3s-n,AUX,O,,O
sl-62,5,12,poletel,,poleteti,Vmep-sm,VERB,O,,O
sl-62,5,13,že,,že,Q,PART,O,,O
sl-62,5,14,davnega,,daven,Agpnsg,ADJ,O,,O
sl-62,5,15,leta,,leto,Ncnsg,NOUN,O,,O
sl-62,5,16,1967.,,1967.,Mdo,NUM,O,,O
sl-62,6,1,Po,,po,Sl,ADP,O,,O
sl-62,6,2,svetu,,svet,Ncmsl,NOUN,O,,O
sl-62,6,3,je,,biti,Va-r3s-n,VERB,O,,O
sl-62,6,4,trenutno,,trenutno,Rgp,ADV,O,,O
sl-62,6,5,največ,,največ,Rgs,DET,O,,O
sl-62,6,6,737,737,737,Mdc,NUM,B-PRO,PRO-Boeing-737-New-Generation,B-PRO
sl-62,6,7,serije,serija,serija,Ncfsg,NOUN,I-PRO,PRO-Boeing-737-New-Generation,I-PRO
sl-62,6,8,Next,Next,Next,Npmsn,PROPN,I-PRO,PRO-Boeing-737-New-Generation,I-PRO
sl-62,6,9,Generation,Generation,Generation,Npmsn,PROPN,I-PRO,PRO-Boeing-737-New-Generation,I-PRO
sl-62,6,10,(,,(,Z,PUNCT,O,,O
sl-62,6,11,oznake,,oznaka,Ncfpn,NOUN,O,,O
sl-62,6,12,med,,med,Si,ADP,O,,O
sl-62,6,13,737,737,737,Mdc,NUM,B-PRO,PRO-Boeing-737-600,B-PRO
sl-62,6,14,-,-,-,Z,PUNCT,I-PRO,PRO-Boeing-737-600,I-PRO
sl-62,6,15,600,600,600,Mdc,NUM,I-PRO,PRO-Boeing-737-600,I-PRO
sl-62,6,16,do,,do,Sg,ADP,O,,O
sl-62,6,17,737,737,737,Mdc,NUM,B-PRO,PRO-Boeing-737-900,B-PRO
sl-62,6,18,-,-,-,Z,PUNCT,I-PRO,PRO-Boeing-737-900,I-PRO
sl-62,6,19,900,900,900,Mdc,NUM,I-PRO,PRO-Boeing-737-900,I-PRO
sl-62,6,20,),,),Z,PUNCT,O,,O
sl-62,6,21,",",,",",Z,PUNCT,O,,O
sl-62,6,22,teh,,ta,Pd-mpg,DET,O,,O
sl-62,6,23,je,,biti,Va-r3s-n,AUX,O,,O
sl-62,6,24,bilo,,biti,Va-p-sn,AUX,O,,O
sl-62,6,25,izdelanih,,izdelan,Appmpg,ADJ,O,,O
sl-62,6,26,več,,več,Rgc,DET,O,,O
sl-62,6,27,kot,,kot,Cs,SCONJ,O,,O
sl-62,6,28,6.800,,6.800,Mdc,NUM,O,,O
sl-62,6,29,",",,",",Z,PUNCT,O,,O
sl-62,6,30,kar,,kar,Pr-nsn,PRON,O,,O
sl-62,6,31,predstavlja,,predstavljati,Vmpr3s,VERB,O,,O
sl-62,6,32,največji,,velik,Agsmsay,ADJ,O,,O
sl-62,6,33,delež,,delež,Ncmsan,NOUN,O,,O
sl-62,6,34,vseh,,ves,Pg-npg,DET,O,,O
sl-62,6,35,izdelanih,,izdelan,Appnpg,ADJ,O,,O
sl-62,6,36,letal,letala,letalo,Ncnpg,NOUN,B-PRO,PRO-Boeing-737,B-PRO
sl-62,6,37,737.,737,737.,Mdo,NUM,I-PRO,PRO-Boeing-737,B-PRO
sl-62,7,1,Prvi,,prvi,Mlomsn,ADJ,O,,I-PRO
sl-62,7,2,737,737,737,Mdc,NUM,B-PRO,PRO-Boeing-737,I-PRO
sl-62,7,3,je,,biti,Va-r3s-n,AUX,O,,O
sl-62,7,4,poletel,,poleteti,Vmep-sm,VERB,O,,O
sl-62,7,5,leta,,leto,Ncnsg,NOUN,O,,O
sl-62,7,6,1967.,,1967.,Mdo,NUM,O,,O
sl-62,8,1,Boeing,Boeing,Boeing,Npmsn,PROPN,B-ORG,ORG-Boeing,B-ORG
sl-62,8,2,je,,biti,Va-r3s-n,AUX,O,,O
sl-62,8,3,s,,z,Si,ADP,O,,O
sl-62,8,4,serijo,,serija,Ncfsi,NOUN,O,,O
sl-62,8,5,MAX,MAX,Max,Npmsn,PROPN,B-PRO,PRO-Boeing-MAX,B-PRO
sl-62,8,6,želel,,želeti,Vmpp-sm,VERB,O,,O
sl-62,8,7,ustvariti,,ustvariti,Vmen,VERB,O,,O
sl-62,8,8,podobno,,podoben,Agpfsa,ADJ,O,,O
sl-62,8,9,uspešno,,uspešen,Agpfsa,ADJ,O,,O
sl-62,8,10,zgodbo,,zgodba,Ncfsa,NOUN,O,,O
sl-62,8,11,in,,in,Cc,CCONJ,O,,O
sl-62,8,12,po,,po,Sl,ADP,O,,O
sl-62,8,13,številu,,število,Ncnsl,NOUN,O,,O
sl-62,8,14,naročil,,naročilo,Ncnpg,NOUN,O,,O
sl-62,8,15,",",,",",Z,PUNCT,O,,O
sl-62,8,16,ki,,ki,Cs,SCONJ,O,,O
sl-62,8,17,jih,,on,Pp3mpa--y,PRON,O,,O
sl-62,8,18,je,,biti,Va-r3s-n,AUX,O,,O
sl-62,8,19,več,,več,Rgc,DET,O,,O
sl-62,8,20,kot,,kot,Cs,SCONJ,O,,O
sl-62,8,21,5000,,5000,Mdc,NUM,O,,O
sl-62,8,22,",",,",",Z,PUNCT,O,,O
sl-62,8,23,jim,,on,Pp3mpd--y,PRON,O,,O
sl-62,8,24,je,,biti,Va-r3s-n,AUX,O,,O
sl-62,8,25,to,,ta,Pd-nsn,DET,O,,O
sl-62,8,26,uspelo,,uspeti,Vmep-sn,VERB,O,,O
sl-62,8,27,",",,",",Z,PUNCT,O,,O
sl-62,8,28,saj,,saj,Cc,CCONJ,O,,O
sl-62,8,29,je,,biti,Va-r3s-n,AUX,O,,O
sl-62,8,30,prvo,,prvi,Mlonsn,ADJ,O,,O
sl-62,8,31,letalo,,letalo,Ncnsn,NOUN,O,,O
sl-62,8,32,poletelo,,poleteti,Vmep-sn,VERB,O,,O
sl-62,8,33,šele,,šele,Q,PART,O,,O
sl-62,8,34,leta,,leto,Ncnsg,NOUN,O,,O
sl-62,8,35,2016,,2016,Mdc,NUM,O,,O
sl-62,8,36,in,,in,Cc,CCONJ,O,,O
sl-62,8,37,nabralo,,nabrati,Vmep-sn,VERB,O,,O
sl-62,8,38,več,,več,Rgc,DET,O,,O
sl-62,8,39,naročil,,naročilo,Ncnpg,NOUN,O,,O
sl-62,8,40,kot,,kot,Cs,SCONJ,O,,O
sl-62,8,41,prejšnje,,prejšnji,Agpfsg,ADJ,O,,O
sl-62,8,42,različice,,različica,Ncfsg,NOUN,O,,O
sl-62,8,43,v,,v,Sl,ADP,O,,O
sl-62,8,44,enakem,,enak,Pi-nsl,DET,O,,O
sl-62,8,45,obdobju,,obdobje,Ncnsl,NOUN,O,,O
sl-62,8,46,.,,.,Z,PUNCT,O,,O
sl-62,9,1,MAX,MAX,Max,Npmsn,PROPN,B-PRO,PRO-Boeing-MAX,B-PRO
sl-62,9,2,variant,,varianta,Ncfpg,NOUN,O,,O
sl-62,9,3,bo,,biti,Va-f3s-n,VERB,O,,O
sl-62,9,4,",",,",",Z,PUNCT,O,,O
sl-62,9,5,podobno,,podoben,Agpnsn,ADJ,O,,O
sl-62,9,6,kot,,kot,Cs,SCONJ,O,,O
sl-62,9,7,v,,v,Sl,ADP,O,,O
sl-62,9,8,prejšnjih,,prejšnji,Agpfpl,ADJ,O,,O
sl-62,9,9,serijah,,serija,Ncfpl,NOUN,O,,O
sl-62,9,10,",",,",",Z,PUNCT,O,,O
sl-62,9,11,več,,več,Rgc,DET,O,,O
sl-62,9,12,–,,–,Z,PUNCT,O,,O
sl-62,9,13,MAX-7,MAX-7,MAX-7,Npmsn,PROPN,B-PRO,PRO-Boeing-MAX-7,B-PRO
sl-62,9,14,",",,",",Z,PUNCT,O,,O
sl-62,9,15,8,8,8,Mdc,NUM,B-PRO,PRO-Boeing-MAX-8,B-PRO
sl-62,9,16,",",,",",Z,PUNCT,O,,O
sl-62,9,17,9,9,9,Mdc,NUM,B-PRO,PRO-Boeing-MAX-9,B-PRO
sl-62,9,18,",",,",",Z,PUNCT,O,,O
sl-62,9,19,200,200,200,Mdc,NUM,B-PRO,PRO-Boeing-MAX-200,B-PRO
sl-62,9,20,",",,",",Z,PUNCT,O,,O
sl-62,9,21,ki,,ki,Cs,SCONJ,O,,O
sl-62,9,22,so,,biti,Va-r3p-n,VERB,O,,O
sl-62,9,23,v,,v,Sl,ADP,O,,O
sl-62,9,24,osnovi,,osnova,Ncfsl,NOUN,O,,O
sl-62,9,25,ista,,isti,Pi-fsn,DET,O,,O
sl-62,9,26,varianta,,varianta,Ncfsn,NOUN,O,,O
sl-62,9,27,letala,,letalo,Ncnsg,NOUN,O,,O
sl-62,9,28,",",,",",Z,PUNCT,O,,O
sl-62,9,29,le,,le,Q,PART,O,,O
sl-62,9,30,dolžina,,dolžina,Ncfsn,NOUN,O,,O
sl-62,9,31,je,,biti,Va-r3s-n,AUX,O,,O
sl-62,9,32,drugačna,,drugačen,Agpfsn,ADJ,O,,O
sl-62,9,33,",",,",",Z,PUNCT,O,,O
sl-62,9,34,saj,,saj,Cc,CCONJ,O,,O
sl-62,9,35,s,,z,Si,ADP,O,,O
sl-62,9,36,podaljševanjem,,podaljševanje,Ncnsi,NOUN,O,,O
sl-62,9,37,trupa,,trup,Ncmsg,NOUN,O,,O
sl-62,9,38,letala,,letalo,Ncnsg,NOUN,O,,O
sl-62,9,39,vanj,,vame,Pp3msa--b,PRON,O,,O
sl-62,9,40,spravijo,,spraviti,Vmer3p,VERB,O,,O
sl-62,9,41,več,,več,Rgc,DET,O,,O
sl-62,9,42,sedežev,,sedež,Ncmpg,NOUN,O,,O
sl-62,9,43,.,,.,Z,PUNCT,O,,O
sl-62,10,1,S,,z,Si,ADP,O,,O
sl-62,10,2,tem,,ta,Pd-nsi,DET,O,,O
sl-62,10,3,Boeing,Boeing,Boeing,Npmsn,PROPN,B-ORG,ORG-Boeing,B-ORG
sl-62,10,4,lahko,,lahko,Rgp,ADV,O,,O
sl-62,10,5,izpolnjuje,,izpolnjevati,Vmpr3s,VERB,O,,O
sl-62,10,6,želje,,želja,Ncfpa,NOUN,O,,O
sl-62,10,7,različnih,,različen,Agpfpg,ADJ,O,,O
sl-62,10,8,letalskih,,letalski,Agpfpg,ADJ,O,,O
sl-62,10,9,družb,,družba,Ncfpg,NOUN,O,,O
sl-62,10,10,(,,(,Z,PUNCT,O,,O
sl-62,10,11,MAX,MAX,Max,Npmsn,PROPN,B-PRO,PRO-Boeing-MAX-200,B-PRO
sl-62,10,12,200,200,200,Mdc,NUM,I-PRO,PRO-Boeing-MAX-200,I-PRO
sl-62,10,13,je,,biti,Va-r3s-n,AUX,O,,O
sl-62,10,14,recimo,,reči,Vmem1p,VERB,O,,O
sl-62,10,15,naročil,,naročiti,Vmep-sm,VERB,O,,O
sl-62,10,16,Ryanair,Ryanair,Ryanair,Npmsn,PROPN,B-ORG,ORG-Ryanair,B-ORG
sl-62,10,17,),,),Z,PUNCT,O,,O
sl-62,10,18,.,,.,Z,PUNCT,O,,O
sl-62,11,1,MAX,MAX,Max,Npmsn,PROPN,B-PRO,PRO-Boeing-MAX-200,B-PRO
sl-62,11,2,200,200,200,Mdc,NUM,I-PRO,PRO-Boeing-MAX-200,I-PRO
sl-62,11,3,verzija,,verzija,Ncfsn,NOUN,O,,O
sl-62,11,4,predvsem,,predvsem,Q,PART,O,,O
sl-62,11,5,ugaja,,ugajati,Vmpr3s,VERB,O,,O
sl-62,11,6,nizkocenovnim,,nizkocenoven,Agpfpd,ADJ,O,,O
sl-62,11,7,družbam,,družba,Ncfpd,NOUN,O,,O
sl-62,11,8,",",,",",Z,PUNCT,O,,O
sl-62,11,9,ki,,ki,Cs,SCONJ,O,,O
sl-62,11,10,bi,,biti,Va-c,AUX,O,,O
sl-62,11,11,rade,,rad,Rgp,ADV,O,,O
sl-62,11,12,na,,na,Sa,ADP,O,,O
sl-62,11,13,letalo,,letalo,Ncnsa,NOUN,O,,O
sl-62,11,14,spravile,,spraviti,Vmep-pf,VERB,O,,O
sl-62,11,15,več,,več,Rgc,DET,O,,O
sl-62,11,16,potnikov,,potnik,Ncmpg,NOUN,O,,O
sl-62,11,17,in,,in,Cc,CCONJ,O,,O
sl-62,11,18,jim,,on,Pp3mpd--y,PRON,O,,O
sl-62,11,19,ugodje,,ugodje,Ncnsn,NOUN,O,,O
sl-62,11,20,ni,,biti,Va-r3s-y,AUX,O,,O
sl-62,11,21,prioriteta,,prioriteta,Ncfsn,NOUN,O,,O
sl-62,11,22,.,,.,Z,PUNCT,O,,O
sl-62,12,1,Boeing,Boeing,Boeing,Npmsn,PROPN,B-ORG,ORG-Boeing,B-ORG
sl-62,12,2,je,,biti,Va-r3s-n,AUX,O,,O
sl-62,12,3,z,,z,Si,ADP,O,,O
sl-62,12,4,737,737,737,Mdc,NUM,B-PRO,PRO-Boeing-737,B-PRO
sl-62,12,5,želel,,želeti,Vmpp-sm,VERB,O,,O
sl-62,12,6,ustvariti,,ustvariti,Vmen,VERB,O,,O
sl-62,12,7,prodajno,,prodajen,Agpfsa,ADJ,O,,O
sl-62,12,8,uspešnico,,uspešnica,Ncfsa,NOUN,O,,O
sl-62,12,9,",",,",",Z,PUNCT,O,,O
sl-62,12,10,kar,,kar,Pr-nsn,PRON,O,,O
sl-62,12,11,jim,,on,Pp3mpd--y,PRON,O,,O
sl-62,12,12,je,,biti,Va-r3s-n,AUX,O,,O
sl-62,12,13,tudi,,tudi,Q,PART,O,,O
sl-62,12,14,uspelo,,uspeti,Vmep-sn,VERB,O,,O
sl-62,12,15,.,,.,Z,PUNCT,O,,O
sl-62,13,1,Prodali,,prodati,Vmep-pm,VERB,O,,O
sl-62,13,2,so,,biti,Va-r3p-n,AUX,O,,O
sl-62,13,3,več,,več,Rgc,DET,O,,O
sl-62,13,4,kot,,kot,Cs,SCONJ,O,,O
sl-62,13,5,10.000,,10.000,Mdc,NUM,O,,O
sl-62,13,6,letal,,letalo,Ncnpg,NOUN,O,,O
sl-62,13,7,.,,.,Z,PUNCT,O,,O
sl-62,14,1,Boeing,Boeing,Boeing,Npmsn,PROPN,B-ORG,ORG-Boeing,B-ORG
sl-62,14,2,je,,biti,Va-r3s-n,AUX,O,,O
sl-62,14,3,moral,,morati,Vmpp-sm,VERB,O,,O
sl-62,14,4,s,,z,Si,ADP,O,,O
sl-62,14,5,737,737,737,Mdc,NUM,B-PRO,PRO-Boeing-737,B-PRO
sl-62,14,6,ponujati,,ponujati,Vmpn,VERB,O,,O
sl-62,14,7,več,,več,Rgc,DET,O,,O
sl-62,14,8,kot,,kot,Cs,SCONJ,O,,O
sl-62,14,9,s,,z,Si,ADP,O,,O
sl-62,14,10,prešnjimi,,prešnji,Agpnpi,ADJ,O,,O
sl-62,14,11,letali,,letalo,Ncnpi,NOUN,O,,O
sl-62,14,12,",",,",",Z,PUNCT,O,,O
sl-62,14,13,saj,,saj,Cc,CCONJ,O,,O
sl-62,14,14,je,,biti,Va-r3s-n,AUX,O,,O
sl-62,14,15,vstop,,vstop,Ncmsn,NOUN,O,,O
sl-62,14,16,Airbusa,Airbus,Airbus,Npmsg,PROPN,B-ORG,ORG-Airbus-SE,B-ORG
sl-62,14,17,pošteno,,pošteno,Rgp,ADV,O,,O
sl-62,14,18,premešal,,premešati,Vmep-sm,VERB,O,,O
sl-62,14,19,karte,,karta,Ncfpa,NOUN,O,,O
sl-62,14,20,pri,,pri,Sl,ADP,O,,O
sl-62,14,21,letalskih,,letalski,Agpmpl,ADJ,O,,O
sl-62,14,22,proizvajalcih,,proizvajalec,Ncmpl,NOUN,O,,O
sl-62,14,23,.,,.,Z,PUNCT,O,,O
sl-62,15,1,Podjetje,,podjetje,Ncnsn,NOUN,O,,B-ORG
sl-62,15,2,iz,,iz,Sg,ADP,O,,O
sl-62,15,3,Seattla,Seattle,Seattle,Npmsg,PROPN,B-LOC,LOC-Seattle,B-LOC
sl-62,15,4,se,,se,Px------y,PRON,O,,O
sl-62,15,5,je,,biti,Va-r3s-n,AUX,O,,O
sl-62,15,6,največjega,,velik,Agsmsa,ADJ,O,,O
sl-62,15,7,konkurenta,,konkurent,Ncmsg,NOUN,O,,O
sl-62,15,8,v,,v,Sl,ADP,O,,O
sl-62,15,9,prejšnjemu,,prejšnji,Agpnsl,ADJ,O,,O
sl-62,15,10,stoletju,,stoletje,Ncnsl,NOUN,O,,O
sl-62,15,11,McDonnel,McDonnel,Mcdonnel,Npmsn,PROPN,B-ORG,ORG-McDonnel-Douglas,B-ORG
sl-62,15,12,Douglasa,Douglas,Douglas,Npmsg,PROPN,I-ORG,ORG-McDonnel-Douglas,I-ORG
sl-62,15,13,znebilo,,znebiti,Vmep-sn,VERB,O,,O
sl-62,15,14,tako,,tako,Rgp,ADV,O,,O
sl-62,15,15,",",,",",Z,PUNCT,O,,O
sl-62,15,16,da,,da,Cs,SCONJ,O,,O
sl-62,15,17,so,,biti,Va-r3p-n,AUX,O,,O
sl-62,15,18,ga,,on,Pp3msa--y,PRON,O,,O
sl-62,15,19,prevzeli,,prevzeti,Vmep-pm,VERB,O,,O
sl-62,15,20,",",,",",Z,PUNCT,O,,O
sl-62,15,21,a,,a,Cc,CCONJ,O,,O
sl-62,15,22,z,,z,Si,ADP,O,,O
sl-62,15,23,Airbusom,Airbus,Airbus,Npmsi,PROPN,B-ORG,ORG-Airbus-SE,B-ORG
sl-62,15,24,ni,,biti,Va-r3s-y,AUX,O,,O
sl-62,15,25,bilo,,biti,Va-p-sn,AUX,O,,O
sl-62,15,26,tako,,tako,Rgp,ADV,O,,O
sl-62,15,27,enostavno,,enostaven,Agpnsn,ADJ,O,,O
sl-62,15,28,.,,.,Z,PUNCT,O,,O
sl-62,16,1,V,,v,Sl,ADP,O,,O
sl-62,16,2,90.,,90.,Mdo,NUM,O,,O
sl-62,16,3,letih,,leto,Ncnpl,NOUN,O,,O
sl-62,16,4,prejšnjega,,prejšnji,Agpnsg,ADJ,O,,O
sl-62,16,5,stoletja,,stoletje,Ncnsg,NOUN,O,,O
sl-62,16,6,so,,biti,Va-r3p-n,AUX,O,,O
sl-62,16,7,Evropejci,Evropejci,Evropejec,Npmpn,PROPN,B-PER,LOC-Europe,B-PER
sl-62,16,8,razbili,,razbiti,Vmep-pm,VERB,O,,O
sl-62,16,9,ameriški,,ameriški,Agpmsay,ADJ,O,,O
sl-62,16,10,monopol,,monopol,Ncmsan,NOUN,O,,O
sl-62,16,11,in,,in,Cc,CCONJ,O,,O
sl-62,16,12,danes,,danes,Rgp,ADV,O,,O
sl-62,16,13,",",,",",Z,PUNCT,O,,O
sl-62,16,14,50,,50,Mdc,NUM,O,,O
sl-62,16,15,let,,leto,Ncnpg,NOUN,O,,O
sl-62,16,16,kasneje,,kasno,Rgc,ADV,O,,O
sl-62,16,17,",",,",",Z,PUNCT,O,,O
sl-62,16,18,je,,biti,Va-r3s-n,AUX,O,,O
sl-62,16,19,bitka,,bitka,Ncfsn,NOUN,O,,O
sl-62,16,20,med,,med,Si,ADP,O,,O
sl-62,16,21,Airbusom,Airbus,Airbus,Npmsi,PROPN,B-ORG,ORG-Airbus-SE,B-ORG
sl-62,16,22,in,,in,Cc,CCONJ,O,,O
sl-62,16,23,Boeingom,Boeing,Boeing,Npmsi,PROPN,B-ORG,ORG-Boeing,B-ORG
sl-62,16,24,zelo,,zelo,Rgp,ADV,O,,O
sl-62,16,25,pomemben,,pomemben,Agpmsnn,ADJ,O,,O
sl-62,16,26,faktor,,faktor,Ncmsn,NOUN,O,,O
sl-62,16,27,pri,,pri,Sl,ADP,O,,O
sl-62,16,28,prodaji,,prodaja,Ncfsl,NOUN,O,,O
sl-62,16,29,letal,,letalo,Ncnpg,NOUN,O,,O
sl-62,16,30,.,,.,Z,PUNCT,O,,O
sl-62,17,1,Airbusova,Airbus,Airbusov,Aspnpn,ADJ,B-ORG,ORG-Airbus-SE,B-ORG
sl-62,17,2,letala,,letalo,Ncnpn,NOUN,O,,O
sl-62,17,3,so,,biti,Va-r3p-n,AUX,O,,O
sl-62,17,4,se,,se,Px------y,PRON,O,,O
sl-62,17,5,ponašala,,ponašati,Vmpp-pn,VERB,O,,O
sl-62,17,6,z,,z,Si,ADP,O,,O
sl-62,17,7,boljšo,,dober,Agcfsi,ADJ,O,,O
sl-62,17,8,učinkovitostjo,,učinkovitost,Ncfsi,NOUN,O,,O
sl-62,17,9,",",,",",Z,PUNCT,O,,O
sl-62,17,10,manjšo,,majhen,Agcfsi,ADJ,O,,O
sl-62,17,11,težo,,teža,Ncfsi,NOUN,O,,O
sl-62,17,12,in,,in,Cc,CCONJ,O,,O
sl-62,17,13,modernimi,,moderen,Agpfpi,ADJ,O,,O
sl-62,17,14,elektronskimi,,elektronski,Agpfpi,ADJ,O,,O
sl-62,17,15,komponentami,,komponenta,Ncfpi,NOUN,O,,O
sl-62,17,16,",",,",",Z,PUNCT,O,,O
sl-62,17,17,kar,,kar,Pr-nsn,PRON,O,,O
sl-62,17,18,je,,biti,Va-r3s-n,AUX,O,,O
sl-62,17,19,prisililo,,prisiliti,Vmep-sn,VERB,O,,O
sl-62,17,20,Boeing,Boeing,Boeing,Npmsan,PROPN,B-ORG,ORG-Boeing,B-ORG
sl-62,17,21,",",,",",Z,PUNCT,O,,O
sl-62,17,22,da,,da,Cs,SCONJ,O,,O
sl-62,17,23,so,,biti,Va-r3p-n,AUX,O,,O
sl-62,17,24,pospešili,,pospešiti,Vmep-pm,VERB,O,,O
sl-62,17,25,razvoj,,razvoj,Ncmsan,NOUN,O,,O
sl-62,17,26,novih,,nov,Agpnpg,ADJ,O,,O
sl-62,17,27,in,,in,Cc,CCONJ,O,,O
sl-62,17,28,boljših,,dober,Agcnpg,ADJ,O,,O
sl-62,17,29,letal,,letalo,Ncnpg,NOUN,O,,O
sl-62,17,30,.,,.,Z,PUNCT,O,,O
sl-62,18,1,737,737,737,Mdc,NUM,B-PRO,PRO-Boeing-737-800,B-PRO
sl-62,18,2,-,-,-,Z,PUNCT,I-PRO,PRO-Boeing-737-800,I-PRO
sl-62,18,3,800,800,800,Mdc,NUM,I-PRO,PRO-Boeing-737-800,I-PRO
sl-62,18,4,je,,biti,Va-r3s-n,AUX,O,,O
sl-62,18,5,bil,,biti,Va-p-sm,AUX,O,,O
sl-62,18,6,odgovor,,odgovor,Ncmsn,NOUN,O,,O
sl-62,18,7,na,,na,Sa,ADP,O,,O
sl-62,18,8,zelo,,zelo,Rgp,ADV,O,,O
sl-62,18,9,uspešno,,uspešen,Agpnsa,ADJ,O,,O
sl-62,18,10,letalo,,letalo,Ncnsa,NOUN,O,,O
sl-62,18,11,Airbus,Airbus,Airbus,Npmsn,PROPN,B-PRO,PRO-Airbus-A320,B-PRO
sl-62,18,12,A320,A320,A320,Npmsn,PROPN,I-PRO,PRO-Airbus-A320,I-PRO
sl-62,18,13,",",,",",Z,PUNCT,O,,O
sl-62,18,14,ki,,ki,Cs,SCONJ,O,,O
sl-62,18,15,se,,se,Px------y,PRON,O,,O
sl-62,18,16,je,,biti,Va-r3s-n,AUX,O,,O
sl-62,18,17,dobro,,dobro,Rgp,ADV,O,,O
sl-62,18,18,prijelo,,prijeti,Vmep-sn,VERB,O,,O
sl-62,18,19,pri,,pri,Sl,ADP,O,,O
sl-62,18,20,naročnikih,,naročnik,Ncmpl,NOUN,O,,O
sl-62,18,21,in,,in,Cc,CCONJ,O,,O
sl-62,18,22,je,,biti,Va-r3s-n,AUX,O,,O
sl-62,18,23,v,,v,Sl,ADP,O,,O
sl-62,18,24,zadnjih,,zadnji,Agpnpl,ADJ,O,,O
sl-62,18,25,letih,,leto,Ncnpl,NOUN,O,,O
sl-62,18,26,tudi,,tudi,Q,PART,O,,O
sl-62,18,27,bolj,,bolj,Rgc,ADV,O,,O
sl-62,18,28,uspešno,,uspešno,Rgp,ADV,O,,O
sl-62,18,29,po,,po,Sa,ADP,O,,O
sl-62,18,30,število,,število,Ncnsa,NOUN,O,,O
sl-62,18,31,prodanih,,prodan,Appnpg,ADJ,O,,O
sl-62,18,32,in,,in,Cc,CCONJ,O,,O
sl-62,18,33,dobavljenih,,dobavljen,Appnpg,ADJ,O,,O
sl-62,18,34,letal,,letalo,Ncnpg,NOUN,O,,O
sl-62,18,35,.,,.,Z,PUNCT,O,,O
sl-62,19,1,Airbus,Airbus,Airbus,Npmsn,PROPN,B-ORG,ORG-Airbus-SE,B-ORG
sl-62,19,2,je,,biti,Va-r3s-n,AUX,O,,O
sl-62,19,3,v,,v,Sl,ADP,O,,O
sl-62,19,4,novem,,nov,Agpnsl,ADJ,O,,O
sl-62,19,5,tisočletju,,tisočletje,Ncnsl,NOUN,O,,O
sl-62,19,6,naredil,,narediti,Vmep-sm,VERB,O,,O
sl-62,19,7,varianto,,varianta,Ncfsa,NOUN,O,,O
sl-62,19,8,Neo,Neo,Neo,Npmsn,PROPN,B-PRO,PRO-Airbus-Neo,B-PRO
sl-62,19,9,",",,",",Z,PUNCT,O,,O
sl-62,19,10,ki,,ki,Cs,SCONJ,O,,O
sl-62,19,11,je,,biti,Va-r3s-n,AUX,O,,O
sl-62,19,12,bila,,biti,Va-p-sf,AUX,O,,O
sl-62,19,13,boljša,,dober,Agcfsn,ADJ,O,,O
sl-62,19,14,od,,od,Sg,ADP,O,,O
sl-62,19,15,737,737,737,Mdc,NUM,B-PRO,PRO-Boeing-737-New-Generation,B-PRO
sl-62,19,16,Next,Next,Next,Npmsn,PROPN,I-PRO,PRO-Boeing-737-New-Generation,I-PRO
sl-62,19,17,Generation,Generation,Generation,Npmsn,PROPN,I-PRO,PRO-Boeing-737-New-Generation,I-PRO
sl-62,19,18,",",,",",Z,PUNCT,O,,O
sl-62,19,19,zato,,zato,Cc,CCONJ,O,,O
sl-62,19,20,so,,biti,Va-r3p-n,AUX,O,,O
sl-62,19,21,Američani,Američani,Američan,Npmpn,PROPN,B-PER,GPE-USA,B-PER
sl-62,19,22,morali,,morati,Vmpp-pm,VERB,O,,O
sl-62,19,23,trgu,,trg,Ncmsd,NOUN,O,,O
sl-62,19,24,ponuditi,,ponuditi,Vmen,VERB,O,,O
sl-62,19,25,boljšo,,dober,Agcfsa,ADJ,O,,O
sl-62,19,26,varianto,,varianta,Ncfsa,NOUN,O,,O
sl-62,19,27,uspešnega,,uspešen,Agpmsg,ADJ,O,,O
sl-62,19,28,737,737,737,Mdc,NUM,B-PRO,PRO-Boeing-737,B-PRO
sl-62,19,29,–,,–,Z,PUNCT,O,,O
sl-62,19,30,ponudili,,ponuditi,Vmep-pm,VERB,O,,O
sl-62,19,31,so,,biti,Va-r3p-n,AUX,O,,O
sl-62,19,32,varianto,,varianta,Ncfsa,NOUN,O,,O
sl-62,19,33,MAX.,MAX,max.,Y,X,B-PRO,PRO-Boeing-MAX,B-PRO
sl-62,19,34,Razlika,,razlika,Ncfsn,NOUN,O,,O
sl-62,19,35,med,,med,Si,ADP,O,,O
sl-62,19,36,A320,A320,A320,Npmsn,PROPN,B-PRO,PRO-Airbus-A320-Neo,B-PRO
sl-62,19,37,Neo,Neo,Neo,Npmsn,PROPN,I-PRO,PRO-Airbus-A320-Neo,I-PRO
sl-62,19,38,in,,in,Cc,CCONJ,O,,O
sl-62,19,39,737,737,737,Mdc,NUM,B-PRO,PRO-Boeing-737-Max,B-PRO
sl-62,19,40,MAX,MAX,Max,Npmsn,PROPN,I-PRO,PRO-Boeing-737-Max,I-PRO
sl-62,19,41,je,,biti,Va-r3s-n,VERB,O,,O
sl-62,19,42,že,,že,Q,PART,O,,O
sl-62,19,43,v,,v,Sl,ADP,O,,O
sl-62,19,44,osnovi,,osnova,Ncfsl,NOUN,O,,O
sl-62,19,45,–,,–,Z,PUNCT,O,,O
sl-62,19,46,A320,A320,A320,Npmsn,PROPN,B-PRO,PRO-Airbus-A320,B-PRO
sl-62,19,47,je,,biti,Va-r3s-n,AUX,O,,O
sl-62,19,48,poletel,,poleteti,Vmep-sm,VERB,O,,O
sl-62,19,49,v,,v,Sa,ADP,O,,O
sl-62,19,50,zrak,,zrak,Ncmsan,NOUN,O,,O
sl-62,19,51,20,,20,Mdc,NUM,O,,O
sl-62,19,52,let,,leto,Ncnpg,NOUN,O,,O
sl-62,19,53,kasneje,,kasno,Rgc,ADV,O,,O
sl-62,19,54,in,,in,Cc,CCONJ,O,,O
sl-62,19,55,je,,biti,Va-r3s-n,AUX,O,,O
sl-62,19,56,nastal,,nastati,Vmep-sm,VERB,O,,O
sl-62,19,57,s,,z,Si,ADP,O,,O
sl-62,19,58,pomočjo,,pomoč,Ncfsi,NOUN,O,,O
sl-62,19,59,računalniških,,računalniški,Agpmpg,ADJ,O,,O
sl-62,19,60,modelov,,model,Ncmpg,NOUN,O,,O
sl-62,19,61,in,,in,Cc,CCONJ,O,,O
sl-62,19,62,testiranj,,testiranje,Ncnpg,NOUN,O,,O
sl-62,19,63,",",,",",Z,PUNCT,O,,O
sl-62,19,64,medtem,,medtem,Rgp,ADV,O,,O
sl-62,19,65,ko,,ko,Cs,SCONJ,O,,O
sl-62,19,66,je,,biti,Va-r3s-n,AUX,O,,O
sl-62,19,67,737,737,737,Mdc,NUM,B-PRO,PRO-Boeing-737,B-PRO
sl-62,19,68,nastal,,nastati,Vmep-sm,VERB,O,,O
sl-62,19,69,še,,še,Q,PART,O,,O
sl-62,19,70,na,,na,Sa,ADP,O,,O
sl-62,19,71,"""",,"""",Z,PUNCT,O,,O
sl-62,19,72,star,,star,Agpmsan,ADJ,O,,O
sl-62,19,73,način,,način,Ncmsan,NOUN,O,,O
sl-62,19,74,"""",,"""",Z,PUNCT,O,,O
sl-62,19,75,",",,",",Z,PUNCT,O,,O
sl-62,19,76,z,,z,Si,ADP,O,,O
sl-62,19,77,risanjem,,risanje,Ncnsi,NOUN,O,,O
sl-62,19,78,in,,in,Cc,CCONJ,O,,O
sl-62,19,79,testiranjem,,testiranje,Ncnsi,NOUN,O,,O
sl-62,19,80,v,,v,Sl,ADP,O,,O
sl-62,19,81,vetrovnih,,vetroven,Agpmpl,ADJ,O,,O
sl-62,19,82,tunelih,,tunel,Ncmpl,NOUN,O,,O
sl-62,19,83,.,,.,Z,PUNCT,O,,O
sl-62,20,1,737,737,737,Mdc,NUM,B-PRO,PRO-Boeing-737-800,B-PRO
sl-62,20,2,-,-,-,Z,PUNCT,I-PRO,PRO-Boeing-737-800,I-PRO
sl-62,20,3,800,800,800,Mdc,NUM,I-PRO,PRO-Boeing-737-800,I-PRO
sl-62,20,4,je,,biti,Va-r3s-n,AUX,O,,O
sl-62,20,5,najbolj,,najbolj,Rgs,ADV,O,,O
sl-62,20,6,prodajano,,prodajan,Appnsn,ADJ,O,,O
sl-62,20,7,letalo,,letalo,Ncnsn,NOUN,O,,O
sl-62,20,8,",",,",",Z,PUNCT,O,,O
sl-62,20,9,ki,,ki,Cs,SCONJ,O,,O
sl-62,20,10,ga,,on,Pp3msa--y,PRON,O,,O
sl-62,20,11,izdeluje,,izdelovati,Vmpr3s,VERB,O,,O
sl-62,20,12,Boeing,Boeing,Boeing,Npmsn,PROPN,B-ORG,ORG-Boeing,B-ORG
sl-62,20,13,.,,.,Z,PUNCT,O,,O
sl-62,21,1,Zdaj,ZDA,zdaj,Rgp,ADV,B-LOC,GPE-USA,O
sl-62,21,2,stavijo,,staviti,Vmbr3p,VERB,O,,O
sl-62,21,3,na,,na,Sa,ADP,O,,O
sl-62,21,4,737,737,737,Mdc,NUM,B-PRO,PRO-Boeing-737-Max,B-PRO
sl-62,21,5,MAX.,MAX,max.,Y,X,I-PRO,PRO-Boeing-737-Max,I-PRO
sl-62,22,1,Da,,da,Cs,SCONJ,O,,O
sl-62,22,2,bi,,biti,Va-c,AUX,O,,O
sl-62,22,3,MAX,MAX,Max,Npmsn,PROPN,B-PRO,PRO-Boeing-MAX,B-PRO
sl-62,22,4,lahko,,lahko,Rgp,ADV,O,,O
sl-62,22,5,ostal,,ostati,Vmep-sm,VERB,O,,O
sl-62,22,6,konkurenčen,,konkurenčen,Agpmsnn,ADJ,O,,O
sl-62,22,7,novim,,nov,Agpfpd,ADJ,O,,O
sl-62,22,8,variantam,,varianta,Ncfpd,NOUN,O,,O
sl-62,22,9,modernih,,moderen,Agpmpg,ADJ,O,,O
sl-62,22,10,A320,A320,A320,Npmsn,PROPN,B-PRO,PRO-Airbus-A320,B-PRO
sl-62,22,11,",",,",",Z,PUNCT,O,,O
sl-62,22,12,so,,biti,Va-r3p-n,AUX,O,,O
sl-62,22,13,morali,,morati,Vmpp-pm,VERB,O,,O
sl-62,22,14,spremeniti,,spremeniti,Vmen,VERB,O,,O
sl-62,22,15,številne,,številen,Agpfpa,ADJ,O,,O
sl-62,22,16,lastnosti,,lastnost,Ncfpa,NOUN,O,,O
sl-62,22,17,te,,ta,Pd-fsg,DET,O,,O
sl-62,22,18,50,,50,Mdc,NUM,O,,O
sl-62,22,19,let,,leto,Ncnpg,NOUN,O,,O
sl-62,22,20,stare,,star,Agpfsg,ADJ,O,,O
sl-62,22,21,platforme,,platforma,Ncfsg,NOUN,O,,O
sl-62,22,22,.,,.,Z,PUNCT,O,,O
sl-62,23,1,Še,,še,Q,PART,O,,O
sl-62,23,2,vedno,,vedno,Rgp,ADV,O,,O
sl-62,23,3,je,,biti,Va-r3s-n,AUX,O,,O
sl-62,23,4,bilo,,biti,Va-p-sn,AUX,O,,O
sl-62,23,5,cenejše,,poceni,Agcnsn,ADJ,O,,O
sl-62,23,6,posodobiti,,posodobiti,Vmen,VERB,O,,O
sl-62,23,7,staro,,star,Agpfsa,ADJ,O,,O
sl-62,23,8,platformo,,platforma,Ncfsa,NOUN,O,,O
sl-62,23,9,",",,",",Z,PUNCT,O,,O
sl-62,23,10,kot,,kot,Cs,SCONJ,O,,O
sl-62,23,11,pa,,pa,Cc,CCONJ,O,,O
sl-62,23,12,izdelati,,izdelati,Vmen,VERB,O,,O
sl-62,23,13,popolnoma,,popolnoma,Rgp,ADV,O,,O
sl-62,23,14,novo,,nov,Agpnsa,ADJ,O,,O
sl-62,23,15,letalo,,letalo,Ncnsa,NOUN,O,,O
sl-62,23,16,.,,.,Z,PUNCT,O,,O
sl-62,24,1,Da,,da,Cs,SCONJ,O,,O
sl-62,24,2,bi,,biti,Va-c,AUX,O,,O
sl-62,24,3,lahko,,lahko,Rgp,ADV,O,,O
sl-62,24,4,sledili,,slediti,Vmpp-pm,VERB,O,,O
sl-62,24,5,uspehom,,uspeh,Ncmpd,NOUN,O,,O
sl-62,24,6,Airbusa,Airbus,Airbus,Npmsg,PROPN,B-ORG,ORG-Airbus-SE,B-ORG
sl-62,24,7,",",,",",Z,PUNCT,O,,O
sl-62,24,8,so,,biti,Va-r3p-n,AUX,O,,O
sl-62,24,9,morali,,morati,Vmpp-pm,VERB,O,,O
sl-62,24,10,spremeniti,,spremeniti,Vmen,VERB,O,,O
sl-62,24,11,motorje,,motor,Ncmpa,NOUN,O,,O
sl-62,24,12,",",,",",Z,PUNCT,O,,O
sl-62,24,13,za,,za,Sa,ADP,O,,O
sl-62,24,14,vsak,,vsak,Pg-msa,DET,O,,O
sl-62,24,15,del,,del,Ncmsan,NOUN,O,,O
sl-62,24,16,odstotka,,odstotek,Ncmsg,NOUN,O,,O
sl-62,24,17,izboljšati,,izboljšati,Vmen,VERB,O,,O
sl-62,24,18,aerodinamični,,aerodinamičen,Agpmsay,ADJ,O,,O
sl-62,24,19,profil,,profil,Ncmsan,NOUN,O,,O
sl-62,24,20,",",,",",Z,PUNCT,O,,O
sl-62,24,21,saj,,saj,Cc,CCONJ,O,,O
sl-62,24,22,so,,biti,Va-r3p-n,AUX,O,,O
sl-62,24,23,še,,še,Q,PART,O,,O
sl-62,24,24,vedno,,vedno,Rgp,ADV,O,,O
sl-62,24,25,delali,,delati,Vmpp-pm,VERB,O,,O
sl-62,24,26,na,,na,Sl,ADP,O,,O
sl-62,24,27,stari,,star,Agpfsl,ADJ,O,,O
sl-62,24,28,platformi,,platforma,Ncfsl,NOUN,O,,O
sl-62,24,29,.,,.,Z,PUNCT,O,,O
sl-62,25,1,Novi,,nov,Agpmpn,ADJ,O,,O
sl-62,25,2,motorji,,motor,Ncmpn,NOUN,O,,O
sl-62,25,3,so,,biti,Va-r3p-n,AUX,O,,O
sl-62,25,4,bili,,biti,Va-p-pm,AUX,O,,O
sl-62,25,5,večji,,velik,Agcmpn,ADJ,O,,O
sl-62,25,6,kot,,kot,Cs,SCONJ,O,,O
sl-62,25,7,pri,,pri,Sl,ADP,O,,O
sl-62,25,8,prejšnjih,,prejšnji,Agpfpl,ADJ,O,,O
sl-62,25,9,variantah,,varianta,Ncfpl,NOUN,O,,O
sl-62,25,10,(,,(,Z,PUNCT,O,,O
sl-62,25,11,boljše,,dober,Agcnsn,ADJ,O,,O
sl-62,25,12,visokoobtočno,,visokoobtočen,Agpnsn,ADJ,O,,O
sl-62,25,13,razmerje,,razmerje,Ncnsn,NOUN,O,,O
sl-62,25,14,",",,",",Z,PUNCT,O,,O
sl-62,25,15,ki,,ki,Cs,SCONJ,O,,O
sl-62,25,16,izboljša,,izboljšati,Vmer3s,VERB,O,,O
sl-62,25,17,učinkovitost,,učinkovitost,Ncfsa,NOUN,O,,O
sl-62,25,18,),,),Z,PUNCT,O,,O
sl-62,25,19,",",,",",Z,PUNCT,O,,O
sl-62,25,20,kar,,kar,Pr-nsn,PRON,O,,O
sl-62,25,21,je,,biti,Va-r3s-n,AUX,O,,O
sl-62,25,22,tudi,,tudi,Q,PART,O,,O
sl-62,25,23,spremenilo,,spremeniti,Vmep-sn,VERB,O,,O
sl-62,25,24,lastnosti,,lastnost,Ncfpa,NOUN,O,,O
sl-62,25,25,letala,,letalo,Ncnsg,NOUN,O,,O
sl-62,25,26,",",,",",Z,PUNCT,O,,O
sl-62,25,27,ki,,ki,Cs,SCONJ,O,,O
sl-62,25,28,je,,biti,Va-r3s-n,AUX,O,,O
sl-62,25,29,bilo,,biti,Va-p-sn,AUX,O,,O
sl-62,25,30,oblikovano,,oblikovan,Appnsn,ADJ,O,,O
sl-62,25,31,okrog,,okrog,Sg,ADP,O,,O
sl-62,25,32,manjših,,majhen,Agcmpg,ADJ,O,,O
sl-62,25,33,motorjev,,motor,Ncmpg,NOUN,O,,O
sl-62,25,34,.,,.,Z,PUNCT,O,,O
sl-62,26,1,Letala,,letalo,Ncnpn,NOUN,O,,O
sl-62,26,2,so,,biti,Va-r3p-n,AUX,O,,O
sl-62,26,3,vedno,,vedno,Rgp,ADV,O,,O
sl-62,26,4,narejena,,narejen,Appnpn,ADJ,O,,O
sl-62,26,5,okrog,,okrog,Sg,ADP,O,,O
sl-62,26,6,ravnotežne,,ravnotežen,Agpfsg,ADJ,O,,O
sl-62,26,7,točke,,točka,Ncfsg,NOUN,O,,O
sl-62,26,8,",",,",",Z,PUNCT,O,,O
sl-62,26,9,ki,,ki,Cs,SCONJ,O,,O
sl-62,26,10,omogoča,,omogočati,Vmpr3s,VERB,O,,O
sl-62,26,11,stabilen,,stabilen,Agpmsan,ADJ,O,,O
sl-62,26,12,in,,in,Cc,CCONJ,O,,O
sl-62,26,13,varčen,,varčen,Agpmsan,ADJ,O,,O
sl-62,26,14,let,,let,Ncmsan,NOUN,O,,O
sl-62,26,15,.,,.,Z,PUNCT,O,,O
sl-62,27,1,Če,,če,Cs,SCONJ,O,,O
sl-62,27,2,bi,,biti,Va-c,AUX,O,,O
sl-62,27,3,bilo,,biti,Va-p-sn,AUX,O,,O
sl-62,27,4,več,,več,Rgc,DET,O,,O
sl-62,27,5,teže,,teža,Ncfsg,NOUN,O,,O
sl-62,27,6,za,,za,Sa,ADP,O,,O
sl-62,27,7,točko,,točka,Ncfsa,NOUN,O,,O
sl-62,27,8,ravnotežja,,ravnotežje,Ncnsg,NOUN,O,,O
sl-62,27,9,",",,",",Z,PUNCT,O,,O
sl-62,27,10,bi,,biti,Va-c,AUX,O,,O
sl-62,27,11,se,,se,Px------y,PRON,O,,O
sl-62,27,12,letalo,,letalo,Ncnsn,NOUN,O,,O
sl-62,27,13,želelo,,želeti,Vmpp-sn,VERB,O,,O
sl-62,27,14,nagibati,,nagibati,Vmpn,VERB,O,,O
sl-62,27,15,proti,,proti,Sd,ADP,O,,O
sl-62,27,16,nebu,,nebo,Ncnsd,NOUN,O,,O
sl-62,27,17,in,,in,Cc,CCONJ,O,,O
sl-62,27,18,obratno,,obratno,Rgp,ADV,O,,O
sl-62,27,19,",",,",",Z,PUNCT,O,,O
sl-62,27,20,če,,če,Cs,SCONJ,O,,O
sl-62,27,21,je,,biti,Va-r3s-n,AUX,O,,O
sl-62,27,22,težišče,,težišče,Ncnsn,NOUN,O,,O
sl-62,27,23,pomaknjeno,,pomaknjen,Appnsn,ADJ,O,,O
sl-62,27,24,naprej,,naprej,Rgp,ADV,O,,O
sl-62,27,25,.,,.,Z,PUNCT,O,,O
sl-62,28,1,MAX,MAX,Max,Npmsn,PROPN,B-PRO,PRO-Boeing-MAX,B-PRO
sl-62,28,2,je,,biti,Va-r3s-n,AUX,O,,O
sl-62,28,3,bil,,biti,Va-p-sm,AUX,O,,O
sl-62,28,4,ustvarjen,,ustvarjen,Appmsnn,ADJ,O,,O
sl-62,28,5,kot,,kot,Cs,SCONJ,O,,O
sl-62,28,6,naslednik,,naslednik,Ncmsn,NOUN,O,,O
sl-62,28,7,737,737,737,Mdc,NUM,B-PRO,PRO-Boeing-737-800,B-PRO
sl-62,28,8,-,-,-,Z,PUNCT,I-PRO,PRO-Boeing-737-800,I-PRO
sl-62,28,9,800,800,800,Mdc,NUM,I-PRO,PRO-Boeing-737-800,I-PRO
sl-62,28,10,in,,in,Cc,CCONJ,O,,O
sl-62,28,11,konkurent,,konkurent,Ncmsn,NOUN,O,,O
sl-62,28,12,letalom,,letalo,Ncnpd,NOUN,O,,O
sl-62,28,13,A320neo,A320neo,a320neo,Mdc,NUM,B-PRO,PRO-Airbus-A320-Neo,B-PRO
sl-62,28,14,.,,.,Z,PUNCT,O,,O
sl-62,29,1,Novi,,nov,Agpmsny,ADJ,O,,O
sl-62,29,2,dizajn,,dizajn,Ncmsn,NOUN,O,,O
sl-62,29,3,je,,biti,Va-r3s-n,AUX,O,,O
sl-62,29,4,težišče,,težišče,Ncnsa,NOUN,O,,O
sl-62,29,5,rahlo,,rahlo,Rgp,ADV,O,,O
sl-62,29,6,premaknil,,premakniti,Vmep-sm,VERB,O,,O
sl-62,29,7,nazaj,,nazaj,Rgp,ADV,O,,O
sl-62,29,8,",",,",",Z,PUNCT,O,,O
sl-62,29,9,tudi,,tudi,Q,PART,O,,O
sl-62,29,10,zaradi,,zaradi,Sg,ADP,O,,O
sl-62,29,11,večjih,,velik,Agcmpg,ADJ,O,,O
sl-62,29,12,motorjev,,motor,Ncmpg,NOUN,O,,O
sl-62,29,13,",",,",",Z,PUNCT,O,,O
sl-62,29,14,zato,,zato,Cc,CCONJ,O,,O
sl-62,29,15,je,,biti,Va-r3s-n,AUX,O,,O
sl-62,29,16,Boeing,Boeing,Boeing,Npmsn,PROPN,B-ORG,ORG-Boeing,B-ORG
sl-62,29,17,razvil,,razviti,Vmep-sm,VERB,O,,O
sl-62,29,18,sistem,,sistem,Ncmsan,NOUN,O,,O
sl-62,29,19,MCAS,MCAS,MCAS,Npmsn,PROPN,B-PRO,PRO-Boeing-MCAS-Maneuvering-Characteristics-Augmentation-System,B-PRO
sl-62,29,20,",",,",",Z,PUNCT,O,,O
sl-62,29,21,ki,,ki,Cs,SCONJ,O,,O
sl-62,29,22,s,,z,Si,ADP,O,,O
sl-62,29,23,pomočjo,,pomoč,Ncfsi,NOUN,O,,O
sl-62,29,24,sistema,,sistem,Ncmsg,NOUN,O,,O
sl-62,29,25,za,,za,Sa,ADP,O,,O
sl-62,29,26,trimanje,,trimanje,Ncnsa,NOUN,O,,O
sl-62,29,27,letala,,letalo,Ncnsg,NOUN,O,,O
sl-62,29,28,",",,",",Z,PUNCT,O,,O
sl-62,29,29,v,,v,Sl,ADP,O,,O
sl-62,29,30,primeru,,primer,Ncmsl,NOUN,O,,O
sl-62,29,31,če,,če,Cs,SCONJ,O,,O
sl-62,29,32,bi,,biti,Va-c,AUX,O,,O
sl-62,29,33,se,,se,Px------y,PRON,O,,O
sl-62,29,34,nos,,nos,Ncmsn,NOUN,O,,O
sl-62,29,35,preveč,,preveč,Rgp,DET,O,,O
sl-62,29,36,usmeril,,usmeriti,Vmep-sm,VERB,O,,O
sl-62,29,37,navzgor,,navzgor,Rgp,ADV,O,,O
sl-62,29,38,(,,(,Z,PUNCT,O,,O
sl-62,29,39,kar,,kar,Pr-nsn,PRON,O,,O
sl-62,29,40,se,,se,Px------y,PRON,O,,O
sl-62,29,41,je,,biti,Va-r3s-n,AUX,O,,O
sl-62,29,42,pogosto,,pogosto,Rgp,ADV,O,,O
sl-62,29,43,dogajalo,,dogajati,Vmpp-sn,VERB,O,,O
sl-62,29,44,pri,,pri,Sl,ADP,O,,O
sl-62,29,45,vzletu,,vzlet,Ncmsl,NOUN,O,,O
sl-62,29,46,),,),Z,PUNCT,O,,O
sl-62,29,47,",",,",",Z,PUNCT,O,,O
sl-62,29,48,spremeni,,spremeniti,Vmer3s,VERB,O,,O
sl-62,29,49,aerodinamični,,aerodinamičen,Agpmsay,ADJ,O,,O
sl-62,29,50,odklon,,odklon,Ncmsan,NOUN,O,,O
sl-62,29,51,višinskega,,višinski,Agpnsg,ADJ,O,,O
sl-62,29,52,krmila,,krmilo,Ncnsg,NOUN,O,,O
sl-62,29,53,(,,(,Z,PUNCT,O,,O
sl-62,29,54,naprej,,naprej,Rgp,ADV,O,,O
sl-62,29,55,),,),Z,PUNCT,O,,O
sl-62,29,56,",",,",",Z,PUNCT,O,,O
sl-62,29,57,kar,,kar,Pr-nsn,PRON,O,,O
sl-62,29,58,bi,,biti,Va-c,AUX,O,,O
sl-62,29,59,pilotu,,pilot,Ncmsd,NOUN,O,,O
sl-62,29,60,pomagalo,,pomagati,Vmbp-sn,VERB,O,,O
sl-62,29,61,pri,,pri,Sl,ADP,O,,O
sl-62,29,62,preprečevanju,,preprečevanje,Ncnsl,NOUN,O,,O
sl-62,29,63,prevlečenega,,prevlečen,Appnsg,ADJ,O,,O
sl-62,29,64,leta,,leto,Ncnsg,NOUN,O,,O
sl-62,29,65,.,,.,Z,PUNCT,O,,O
sl-62,30,1,Ta,,ta,Pd-msn,DET,O,,O
sl-62,30,2,sistem,,sistem,Ncmsn,NOUN,O,,O
sl-62,30,3,je,,biti,Va-r3s-n,AUX,O,,O
sl-62,30,4,bil,,biti,Va-p-sm,AUX,O,,O
sl-62,30,5,osumljen,,osumljen,Appmsnn,ADJ,O,,O
sl-62,30,6,kot,,kot,Cs,SCONJ,O,,O
sl-62,30,7,krivec,,krivec,Ncmsn,NOUN,O,,O
sl-62,30,8,za,,za,Sa,ADP,O,,O
sl-62,30,9,padec,,padec,Ncmsan,NOUN,O,,O
sl-62,30,10,letala,,letalo,Ncnsg,NOUN,O,,O
sl-62,30,11,Lion,Lion,Lion,Npmsn,PROPN,B-ORG,ORG-Lion-Air,B-ORG
sl-62,30,12,Air,Air,Air,Npmsn,PROPN,I-ORG,ORG-Lion-Air,I-ORG
sl-62,30,13,",",,",",Z,PUNCT,O,,O
sl-62,30,14,saj,,saj,Cc,CCONJ,O,,O
sl-62,30,15,naj,,naj,Q,PART,O,,O
sl-62,30,16,bi,,biti,Va-c,AUX,O,,O
sl-62,30,17,",",,",",Z,PUNCT,O,,O
sl-62,30,18,zaradi,,zaradi,Sg,ADP,O,,O
sl-62,30,19,napake,,napaka,Ncfsg,NOUN,O,,O
sl-62,30,20,v,,v,Sl,ADP,O,,O
sl-62,30,21,senzorjih,,senzor,Ncmpl,NOUN,O,,O
sl-62,30,22,(,,(,Z,PUNCT,O,,O
sl-62,30,23,angle,angle,angle,Xf,X,B-PRO,PRO-Boeing-AoA-Angle-of-Attack,B-PRO
sl-62,30,24,of,of,of,Xf,X,I-PRO,PRO-Boeing-AoA-Angle-of-Attack,I-PRO
sl-62,30,25,attack,attack,attack,Xf,X,I-PRO,PRO-Boeing-AoA-Angle-of-Attack,I-PRO
sl-62,30,26,–,–,–,Z,PUNCT,I-PRO,PRO-Boeing-AoA-Angle-of-Attack,I-PRO
sl-62,30,27,AoA,AoA,AoA,Npmsn,PROPN,I-PRO,PRO-Boeing-AoA-Angle-of-Attack,I-PRO
sl-62,30,28,senzorjih,senzorji,senzor,Ncmpl,NOUN,I-PRO,PRO-Boeing-AoA-Angle-of-Attack,I-PRO
sl-62,30,29,),,),Z,PUNCT,O,,O
sl-62,30,30,letalo,,letalo,Ncnsn,NOUN,O,,O
sl-62,30,31,',,',Z,PUNCT,O,,O
sl-62,30,32,mislilo,,misliti,Vmpp-sn,VERB,O,,O
sl-62,30,33,',,',Z,PUNCT,O,,O
sl-62,30,34,",",,",",Z,PUNCT,O,,O
sl-62,30,35,da,,da,Cs,SCONJ,O,,O
sl-62,30,36,je,,biti,Va-r3s-n,VERB,O,,O
sl-62,30,37,v,,v,Sl,ADP,O,,O
sl-62,30,38,prevlečenem,,prevlečen,Appnsl,ADJ,O,,O
sl-62,30,39,letu,,leto,Ncnsl,NOUN,O,,O
sl-62,30,40,",",,",",Z,PUNCT,O,,O
sl-62,30,41,oziroma,,oziroma,Cc,CCONJ,O,,O
sl-62,30,42,je,,biti,Va-r3s-n,AUX,O,,O
sl-62,30,43,nos,,nos,Ncmsn,NOUN,O,,O
sl-62,30,44,previsoko,,previsok,Agpnsn,ADJ,O,,O
sl-62,30,45,.,,.,Z,PUNCT,O,,O
sl-62,31,1,Sistem,,sistem,Ncmsn,NOUN,O,,O
sl-62,31,2,",",,",",Z,PUNCT,O,,O
sl-62,31,3,ki,,ki,Cs,SCONJ,O,,O
sl-62,31,4,bi,,biti,Va-c,AUX,O,,O
sl-62,31,5,moral,,morati,Vmpp-sm,VERB,O,,O
sl-62,31,6,pomagati,,pomagati,Vmbn,VERB,O,,O
sl-62,31,7,",",,",",Z,PUNCT,O,,O
sl-62,31,8,je,,biti,Va-r3s-n,AUX,O,,O
sl-62,31,9,bil,,biti,Va-p-sm,AUX,O,,O
sl-62,31,10,takrat,,takrat,Rgp,ADV,O,,O
sl-62,31,11,najverjenteje,,verjente,Agsmsny,ADJ,O,,O
sl-62,31,12,krivec,,krivec,Ncmsn,NOUN,O,,O
sl-62,31,13,za,,za,Sa,ADP,O,,O
sl-62,31,14,nesrečo,,nesreča,Ncfsa,NOUN,O,,O
sl-62,31,15,letala,,letalo,Ncnsg,NOUN,O,,O
sl-62,31,16,",",,",",Z,PUNCT,O,,O
sl-62,31,17,saj,,saj,Cc,CCONJ,O,,O
sl-62,31,18,sta,,biti,Va-r3d-n,AUX,O,,O
sl-62,31,19,pilota,,pilot,Ncmdn,NOUN,O,,O
sl-62,31,20,bila,,biti,Va-p-dm,AUX,O,,O
sl-62,31,21,prenizko,,prenizko,Rgp,ADV,O,,O
sl-62,31,22,",",,",",Z,PUNCT,O,,O
sl-62,31,23,da,,da,Cs,SCONJ,O,,O
sl-62,31,24,bi,,biti,Va-c,AUX,O,,O
sl-62,31,25,lahko,,lahko,Rgp,ADV,O,,O
sl-62,31,26,popravila,,popraviti,Vmep-dm,VERB,O,,O
sl-62,31,27,napako,,napaka,Ncfsa,NOUN,O,,O
sl-62,31,28,in,,in,Cc,CCONJ,O,,O
sl-62,31,29,preprečila,,preprečiti,Vmep-sf,VERB,O,,O
sl-62,31,30,tragedijo,,tragedija,Ncfsa,NOUN,O,,O
sl-62,31,31,.,,.,Z,PUNCT,O,,O
sl-62,32,1,Na,,na,Sa,ADP,O,,O
sl-62,32,2,variante,,varianta,Ncfpa,NOUN,O,,O
sl-62,32,3,MAX,MAX,Max,Npmsn,PROPN,B-PRO,PRO-Boeing-MAX,B-PRO
sl-62,32,4,so,,biti,Va-r3p-n,AUX,O,,O
sl-62,32,5,morali,,morati,Vmpp-pm,VERB,O,,O
sl-62,32,6,vgraditi,,vgraditi,Vmen,VERB,O,,O
sl-62,32,7,večje,,velik,Agcmpa,ADJ,O,,O
sl-62,32,8,motorje,,motor,Ncmpa,NOUN,O,,O
sl-62,32,9,",",,",",Z,PUNCT,O,,O
sl-62,32,10,da,,da,Cs,SCONJ,O,,O
sl-62,32,11,bi,,biti,Va-c,AUX,O,,O
sl-62,32,12,dobili,,dobiti,Vmep-pm,VERB,O,,O
sl-62,32,13,boljši,,dober,Agcmsay,ADJ,O,,O
sl-62,32,14,izkoristek,,izkoristek,Ncmsan,NOUN,O,,O
sl-62,32,15,.,,.,Z,PUNCT,O,,O
sl-62,33,1,Boeing,Boeing,Boeing,Npmsn,PROPN,B-ORG,ORG-Boeing,B-ORG
sl-62,33,2,ni,,biti,Va-r3s-y,AUX,O,,O
sl-62,33,3,sporočil,,sporočiti,Vmep-sm,VERB,O,,O
sl-62,33,4,",",,",",Z,PUNCT,O,,O
sl-62,33,5,da,,da,Cs,SCONJ,O,,O
sl-62,33,6,nov,,nov,Agpmsnn,ADJ,O,,O
sl-62,33,7,sistem,,sistem,Ncmsn,NOUN,O,,O
sl-62,33,8,obstaja,,obstajati,Vmpr3s,VERB,O,,O
sl-62,34,1,Piloti,,pilot,Ncmpn,NOUN,O,,O
sl-62,34,2,naj,,naj,Q,PART,O,,O
sl-62,34,3,bi,,biti,Va-c,AUX,O,,O
sl-62,34,4,ta,,ta,Pd-msa,DET,O,,O
sl-62,34,5,sistem,,sistem,Ncmsan,NOUN,O,,O
sl-62,34,6,z,,z,Si,ADP,O,,O
sl-62,34,7,drugim,,drug,Mlpnsi,ADJ,O,,O
sl-62,34,8,stikalom,,stikalo,Ncnsi,NOUN,O,,O
sl-62,34,9,lahko,,lahko,Rgp,ADV,O,,O
sl-62,34,10,izključili,,izključiti,Vmep-pm,VERB,O,,O
sl-62,34,11,",",,",",Z,PUNCT,O,,O
sl-62,34,12,a,,a,Cc,CCONJ,O,,O
sl-62,34,13,se,,se,Px------y,PRON,O,,O
sl-62,34,14,to,,ta,Pd-nsn,DET,O,,O
sl-62,34,15,očitno,,očitno,Rgp,ADV,O,,O
sl-62,34,16,pri,,pri,Sl,ADP,O,,O
sl-62,34,17,ponesrečenem,,ponesrečen,Appnsl,ADJ,O,,O
sl-62,34,18,letalu,,letalo,Ncnsl,NOUN,O,,O
sl-62,34,19,v,,v,Sl,ADP,O,,O
sl-62,34,20,Indoneziji,,Indonezija,Npfsl,PROPN,O,,B-LOC
sl-62,34,21,ni,,biti,Va-r3s-y,AUX,O,,O
sl-62,34,22,zgodilo,,zgoditi,Vmep-sn,VERB,O,,O
sl-62,34,23,.,,.,Z,PUNCT,O,,O
sl-62,35,1,Preiskovalci,,preiskovalec,Ncmpn,NOUN,O,,O
sl-62,35,2,še,,še,Q,PART,O,,O
sl-62,35,3,niso,,biti,Va-r3p-y,AUX,O,,O
sl-62,35,4,končali,,končati,Vmep-pm,VERB,O,,O
sl-62,35,5,preiskave,,preiskava,Ncfsg,NOUN,O,,O
sl-62,35,6,lanske,,lanski,Agpfsg,ADJ,O,,O
sl-62,35,7,nesreče,,nesreča,Ncfsg,NOUN,O,,O
sl-62,35,8,boeinga,boeing,boeing,Ncmsg,NOUN,B-PRO,PRO-Boeing-737-Max-8,B-PRO
sl-62,35,9,737,737,737,Mdc,NUM,I-PRO,PRO-Boeing-737-Max-8,I-PRO
sl-62,35,10,MAX-8,MAX-8,MAX-8,Npmsn,PROPN,I-PRO,PRO-Boeing-737-Max-8,I-PRO
sl-62,35,11,",",,",",Z,PUNCT,O,,O
sl-62,35,12,so,,biti,Va-r3p-n,AUX,O,,O
sl-62,35,13,pa,,pa,Cc,CCONJ,O,,O
sl-62,35,14,na,,na,Sl,ADP,O,,O
sl-62,35,15,Lion,Lion,Lion,Npmsn,PROPN,B-ORG,ORG-Lion-Air,B-ORG
sl-62,35,16,Air,Air,Air,Npmsn,PROPN,I-ORG,ORG-Lion-Air,I-ORG
sl-62,35,17,priznali,,priznati,Vmep-pm,VERB,O,,O
sl-62,35,18,",",,",",Z,PUNCT,O,,O
sl-62,35,19,da,,da,Cs,SCONJ,O,,O
sl-62,35,20,je,,biti,Va-r3s-n,AUX,O,,O
sl-62,35,21,isto,,isti,Pi-nsn,DET,O,,O
sl-62,35,22,letalo,,letalo,Ncnsn,NOUN,O,,O
sl-62,35,23,še,,še,Q,PART,O,,O
sl-62,35,24,pred,,pred,Si,ADP,O,,O
sl-62,35,25,usodnim,,usoden,Agpnsi,ADJ,O,,O
sl-62,35,26,letom,,leto,Ncnsi,NOUN,O,,O
sl-62,35,27,imelo,,imeti,Vmpp-sn,VERB,O,,O
sl-62,35,28,težave,,težava,Ncfpa,NOUN,O,,O
sl-62,35,29,s,,z,Si,ADP,O,,O
sl-62,35,30,senzorji,,senzor,Ncmpi,NOUN,O,,O
sl-62,35,31,in,,in,Cc,CCONJ,O,,O
sl-62,35,32,da,,da,Cs,SCONJ,O,,O
sl-62,35,33,je,,biti,Va-r3s-n,AUX,O,,O
sl-62,35,34,bil,,biti,Va-p-sm,AUX,O,,O
sl-62,35,35,senzor,,senzor,Ncmsn,NOUN,O,,O
sl-62,35,36,",",,",",Z,PUNCT,O,,O
sl-62,35,37,ki,,ki,Cs,SCONJ,O,,O
sl-62,35,38,nadzoruje,,nadzorovati,Vmpr3s,VERB,O,,O
sl-62,35,39,vpadni,,vpaden,Agpmsay,ADJ,O,,O
sl-62,35,40,kot,,kot,Ncmsan,NOUN,O,,O
sl-62,35,41,(,,(,Z,PUNCT,O,,O
sl-62,35,42,angle,angle,angle,Xf,X,B-PRO,PRO-Boeing-AoA-Angle-of-Attack,B-PRO
sl-62,35,43,of,of,of,Xf,X,I-PRO,PRO-Boeing-AoA-Angle-of-Attack,I-PRO
sl-62,35,44,attack,attack,attack,Ncmsn,NOUN,I-PRO,PRO-Boeing-AoA-Angle-of-Attack,I-PRO
sl-62,35,45,–,–,–,Z,PUNCT,I-PRO,PRO-Boeing-AoA-Angle-of-Attack,I-PRO
sl-62,35,46,AOA,AOA,AOA,Npmsn,PROPN,I-PRO,PRO-Boeing-AoA-Angle-of-Attack,I-PRO
sl-62,35,47,),,),Z,PUNCT,O,,O
sl-62,35,48,",",,",",Z,PUNCT,O,,O
sl-62,35,49,zamenjan,,zamenjan,Appmsnn,ADJ,O,,O
sl-62,35,50,.,,.,Z,PUNCT,O,,O
sl-62,36,1,Tudi,,tudi,Q,PART,O,,O
sl-62,36,2,ameriška,,ameriški,Agpfsn,ADJ,O,,O
sl-62,36,3,agencija,,agencija,Ncfsn,NOUN,O,,O
sl-62,36,4,",",,",",Z,PUNCT,O,,O
sl-62,36,5,ki,,ki,Cs,SCONJ,O,,O
sl-62,36,6,preiskuje,,preiskovati,Vmpr3s,VERB,O,,O
sl-62,36,7,letalske,,letalski,Agpfpa,ADJ,O,,O
sl-62,36,8,nesreče,,nesreča,Ncfpa,NOUN,O,,O
sl-62,36,9,",",,",",Z,PUNCT,O,,O
sl-62,36,10,sumi,,sumiti,Vmpr3s,VERB,O,,O
sl-62,36,11,programsko,,programski,Agpfsa,ADJ,O,,O
sl-62,36,12,pomanjkljivost,,pomanjkljivost,Ncfsa,NOUN,O,,O
sl-62,36,13,v,,v,Sl,ADP,O,,O
sl-62,36,14,tem,,ta,Pd-msl,DET,O,,O
sl-62,36,15,sistemu,,sistem,Ncmsl,NOUN,O,,O
sl-62,36,16,.,,.,Z,PUNCT,O,,O
sl-62,37,1,Boeing,Boeing,Boeing,Npmsn,PROPN,B-ORG,ORG-Boeing,B-ORG
sl-62,37,2,je,,biti,Va-r3s-n,AUX,O,,O
sl-62,37,3,v,,v,Sl,ADP,O,,O
sl-62,37,4,poročilu,,poročilo,Ncnsl,NOUN,O,,O
sl-62,37,5,glede,,glede,Sg,ADP,O,,O
sl-62,37,6,težave,,težava,Ncfsg,NOUN,O,,O
sl-62,37,7,s,,z,Si,ADP,O,,O
sl-62,37,8,sistemom,,sistem,Ncmsi,NOUN,O,,O
sl-62,37,9,za,,za,Sa,ADP,O,,O
sl-62,37,10,preprečevanje,,preprečevanje,Ncnsa,NOUN,O,,O
sl-62,37,11,prevlečenega,,prevlečen,Appnsg,ADJ,O,,O
sl-62,37,12,leta,,leto,Ncnsg,NOUN,O,,O
sl-62,37,13,napisal,,napisati,Vmep-sm,VERB,O,,O
sl-62,37,14,",",,",",Z,PUNCT,O,,O
sl-62,37,15,da,,da,Cs,SCONJ,O,,O
sl-62,37,16,"""",,"""",Z,PUNCT,O,,O
sl-62,37,17,je,,biti,Va-r3s-n,AUX,O,,O
sl-62,37,18,sistem,,sistem,Ncmsn,NOUN,O,,O
sl-62,37,19,tako,,tako,Rgp,ADV,O,,O
sl-62,37,20,agresiven,,agresiven,Agpmsnn,ADJ,O,,O
sl-62,37,21,",",,",",Z,PUNCT,O,,O
sl-62,37,22,da,,da,Cs,SCONJ,O,,O
sl-62,37,23,lahko,,lahko,Rgp,ADV,O,,O
sl-62,37,24,povzroči,,povzročiti,Vmer3s,VERB,O,,O
sl-62,37,25,praktično,,praktično,Rgp,ADV,O,,O
sl-62,37,26,vertikalni,,vertikalen,Agpmsay,ADJ,O,,O
sl-62,37,27,padec,,padec,Ncmsan,NOUN,O,,O
sl-62,37,28,letala,,letalo,Ncnsg,NOUN,O,,O
sl-62,37,29,oziroma,,oziroma,Cc,CCONJ,O,,O
sl-62,37,30,nesrečo,,nesreča,Ncfsa,NOUN,O,,O
sl-62,37,31,.,,.,Z,PUNCT,O,,O
sl-62,38,1,To,,ta,Pd-nsn,DET,O,,O
sl-62,38,2,se,,se,Px------y,PRON,O,,O
sl-62,38,3,lahko,,lahko,Rgp,ADV,O,,O
sl-62,38,4,zgodi,,zgoditi,Vmer3s,VERB,O,,O
sl-62,38,5,tudi,,tudi,Q,PART,O,,O
sl-62,38,6,",",,",",Z,PUNCT,O,,O
sl-62,38,7,če,,če,Cs,SCONJ,O,,O
sl-62,38,8,piloti,,pilot,Ncmpn,NOUN,O,,O
sl-62,38,9,letijo,,leteti,Vmpr3p,VERB,O,,O
sl-62,38,10,manualno,,manualno,Rgp,ADV,O,,O
sl-62,38,11,in,,in,Cc,CCONJ,O,,O
sl-62,38,12,ne,,ne,Q,PART,O,,O
sl-62,38,13,pričakujejo,,pričakovati,Vmpr3p,VERB,O,,O
sl-62,38,14,",",,",",Z,PUNCT,O,,O
sl-62,38,15,da,,da,Cs,SCONJ,O,,O
sl-62,38,16,se,,se,Px------y,PRON,O,,O
sl-62,38,17,bo,,biti,Va-f3s-n,AUX,O,,O
sl-62,38,18,sistem,,sistem,Ncmsn,NOUN,O,,O
sl-62,38,19,nenadoma,,nenadoma,Rgp,ADV,O,,O
sl-62,38,20,vklopil,,vklopiti,Vmep-sm,VERB,O,,O
sl-62,38,21,.,,.,Z,PUNCT,O,,O
sl-62,38,22,"""",,"""",Z,PUNCT,O,,O
sl-62,39,1,Letalske,,letalski,Agpfpn,ADJ,O,,O
sl-62,39,2,družbe,,družba,Ncfpn,NOUN,O,,O
sl-62,39,3,so,,biti,Va-r3p-n,AUX,O,,O
sl-62,39,4,naročile,,naročiti,Vmep-pf,VERB,O,,O
sl-62,39,5,več,,več,Rgc,DET,O,,O
sl-62,39,6,kot,,kot,Cs,SCONJ,O,,O
sl-62,39,7,5.000,,5.000,Mdc,NUM,O,,O
sl-62,39,8,letal,,letalo,Ncnpg,NOUN,O,,O
sl-62,39,9,MAX,MAX,Max,Npmsn,PROPN,B-PRO,PRO-Boeing-MAX,B-PRO
sl-62,39,10,",",,",",Z,PUNCT,O,,O
sl-62,39,11,dobavljenih,,dobavljen,Appmpg,ADJ,O,,O
sl-62,39,12,pa,,pa,Cc,CCONJ,O,,O
sl-62,39,13,je,,biti,Va-r3s-n,AUX,O,,O
sl-62,39,14,bilo,,biti,Va-p-sn,AUX,O,,O
sl-62,39,15,že,,že,Q,PART,O,,O
sl-62,39,16,več,,več,Rgc,DET,O,,O
sl-62,39,17,kot,,kot,Cs,SCONJ,O,,O
sl-62,39,18,350.,,350.,Mdo,NUM,O,,O
sl-62,40,1,V,,v,Sl,ADP,O,,O
sl-62,40,2,primeru,,primer,Ncmsl,NOUN,O,,O
sl-62,40,3,nesreče,,nesreča,Ncfsg,NOUN,O,,O
sl-62,40,4,Lion,Lion,Lion,Npmsn,PROPN,B-ORG,ORG-Lion-Air,B-ORG
sl-62,40,5,Air,Air,Air,Npmsn,PROPN,I-ORG,ORG-Lion-Air,I-ORG
sl-62,40,6,je,,biti,Va-r3s-n,AUX,O,,O
sl-62,40,7,letalo,,letalo,Ncnsn,NOUN,O,,O
sl-62,40,8,samo,,samo,Q,PART,O,,O
sl-62,40,9,trimalo,,trimalo,Rgp,ADV,O,,O
sl-62,40,10,naprej,,naprej,Rgp,ADV,O,,O
sl-62,40,11,",",,",",Z,PUNCT,O,,O
sl-62,40,12,ker,,ker,Cs,SCONJ,O,,O
sl-62,40,13,je,,biti,Va-r3s-n,AUX,O,,O
sl-62,40,14,mislilo,,misliti,Vmpp-sn,VERB,O,,O
sl-62,40,15,",",,",",Z,PUNCT,O,,O
sl-62,40,16,da,,da,Cs,SCONJ,O,,O
sl-62,40,17,se,,se,Px------y,PRON,O,,O
sl-62,40,18,približujejo,,približevati,Vmpr3p,VERB,O,,O
sl-62,40,19,oziroma,,oziroma,Cc,CCONJ,O,,O
sl-62,40,20,so,,biti,Va-r3p-n,VERB,O,,O
sl-62,40,21,že,,že,Q,PART,O,,O
sl-62,40,22,v,,v,Sl,ADP,O,,O
sl-62,40,23,prevlečenem,,prevlečen,Appnsl,ADJ,O,,O
sl-62,40,24,letu,,leto,Ncnsl,NOUN,O,,O
sl-62,40,25,.,,.,Z,PUNCT,O,,O
sl-62,41,1,Pilot,,pilot,Ncmsn,NOUN,O,,O
sl-62,41,2,se,,se,Px------y,PRON,O,,O
sl-62,41,3,v,,v,Sl,ADP,O,,O
sl-62,41,4,tem,,ta,Pd-msl,DET,O,,O
sl-62,41,5,primeru,,primer,Ncmsl,NOUN,O,,O
sl-62,41,6,spopada,,spopadati,Vmpr3s,VERB,O,,O
sl-62,41,7,z,,z,Si,ADP,O,,O
sl-62,41,8,vse,,vse,Rgp,ADV,O,,O
sl-62,41,9,večjim,,velik,Agcmsi,ADJ,O,,O
sl-62,41,10,pritiskom,,pritisk,Ncmsi,NOUN,O,,O
sl-62,41,11,krmila,,krmilo,Ncnsg,NOUN,O,,O
sl-62,41,12,",",,",",Z,PUNCT,O,,O
sl-62,41,13,da,,da,Cs,SCONJ,O,,O
sl-62,41,14,lahko,,lahko,Rgp,ADV,O,,O
sl-62,41,15,zadržuje,,zadrževati,Vmpr3s,VERB,O,,O
sl-62,41,16,želeni,,želen,Appmsay,ADJ,O,,O
sl-62,41,17,vpadni,,vpaden,Agpmsay,ADJ,O,,O
sl-62,41,18,kot,,kot,Ncmsan,NOUN,O,,O
sl-62,41,19,.,,.,Z,PUNCT,O,,O
sl-62,42,1,V,,v,Sl,ADP,O,,O
sl-62,42,2,določenem,,določen,Appmsl,ADJ,O,,O
sl-62,42,3,trenutku,,trenutek,Ncmsl,NOUN,O,,O
sl-62,42,4,se,,se,Px------y,PRON,O,,O
sl-62,42,5,lahko,,lahko,Rgp,ADV,O,,O
sl-62,42,6,zgodi,,zgoditi,Vmer3s,VERB,O,,O
sl-62,42,7,",",,",",Z,PUNCT,O,,O
sl-62,42,8,da,,da,Cs,SCONJ,O,,O
sl-62,42,9,postane,,postati,Vmer3s,VERB,O,,O
sl-62,42,10,pritisk,,pritisk,Ncmsn,NOUN,O,,O
sl-62,42,11,prevelik,,prevelik,Agpmsnn,ADJ,O,,O
sl-62,42,12,in,,in,Cc,CCONJ,O,,O
sl-62,42,13,letalo,,letalo,Ncnsn,NOUN,O,,O
sl-62,42,14,je,,biti,Va-r3s-n,VERB,O,,O
sl-62,42,15,v,,v,Sl,ADP,O,,O
sl-62,42,16,tem,,ta,Pd-msl,DET,O,,O
sl-62,42,17,primeru,,primer,Ncmsl,NOUN,O,,O
sl-62,42,18,",",,",",Z,PUNCT,O,,O
sl-62,42,19,zaradi,,zaradi,Sg,ADP,O,,O
sl-62,42,20,trim,,trim,Ncmsn,NOUN,O,,O
sl-62,42,21,sistema,,sistem,Ncmsg,NOUN,O,,O
sl-62,42,22,",",,",",Z,PUNCT,O,,O
sl-62,42,23,nastavljeno,,nastavljen,Appnsn,ADJ,O,,O
sl-62,42,24,tako,,tako,Rgp,ADV,O,,O
sl-62,42,25,",",,",",Z,PUNCT,O,,O
sl-62,42,26,kot,,kot,Cs,SCONJ,O,,O
sl-62,42,27,da,,da,Cs,SCONJ,O,,O
sl-62,42,28,bi,,biti,Va-c,AUX,O,,O
sl-62,42,29,pilot,,pilot,Ncmsn,NOUN,O,,O
sl-62,42,30,krmilo,,krmilo,Ncnsa,NOUN,O,,O
sl-62,42,31,potisnil,,potisniti,Vmep-sm,VERB,O,,O
sl-62,42,32,agresivno,,agresivno,Rgp,ADV,O,,O
sl-62,42,33,naprej,,naprej,Rgp,ADV,O,,O
sl-62,42,34,.,,.,Z,PUNCT,O,,O
sl-62,43,1,Boeing,Boeing,Boeing,Npmsn,PROPN,B-ORG,ORG-Boeing,B-ORG
sl-62,43,2,je,,biti,Va-r3s-n,AUX,O,,O
sl-62,43,3,pozneje,,pozno,Rgc,ADV,O,,O
sl-62,43,4,izdal,,izdati,Vmep-sm,VERB,O,,O
sl-62,43,5,opozorilo,,opozorilo,Ncnsa,NOUN,O,,O
sl-62,43,6,vsem,,ves,Pg-mpd,DET,O,,O
sl-62,43,7,uporabnikom,,uporabnik,Ncmpd,NOUN,O,,O
sl-62,43,8,737,737,737,Mdc,NUM,B-PRO,PRO-Boeing-737-Max,B-PRO
sl-62,43,9,MAX,MAX,Max,Npmsn,PROPN,I-PRO,PRO-Boeing-737-Max,I-PRO
sl-62,43,10,",",,",",Z,PUNCT,O,,O
sl-62,43,11,v,,v,Sl,ADP,O,,O
sl-62,43,12,katerem,,kateri,Pq-msl,DET,O,,O
sl-62,43,13,je,,biti,Va-r3s-n,AUX,O,,O
sl-62,43,14,opozarjal,,opozarjati,Vmpp-sm,VERB,O,,O
sl-62,43,15,na,,na,Sa,ADP,O,,O
sl-62,43,16,to,,ta,Pd-fsa,DET,O,,O
sl-62,43,17,programsko,,programski,Agpfsa,ADJ,O,,O
sl-62,43,18,pomanjkljivost,,pomanjkljivost,Ncfsa,NOUN,O,,O
sl-62,43,19,.,,.,Z,PUNCT,O,,O
sl-62,44,1,Boeing,Boeing,Boeing,Npmsn,PROPN,B-ORG,ORG-Boeing,B-ORG
sl-62,44,2,se,,se,Px------y,PRON,O,,O
sl-62,44,3,sooča,,soočati,Vmpr3s,VERB,O,,O
sl-62,44,4,s,,z,Si,ADP,O,,O
sl-62,44,5,številnimi,,številen,Agpfpi,ADJ,O,,O
sl-62,44,6,prizemljitvami,,prizemljitev,Ncfpi,NOUN,O,,O
sl-62,45,1,Boeing,Boeing,Boeing,Npmsn,PROPN,B-ORG,ORG-Boeing,B-ORG
sl-62,45,2,je,,biti,Va-r3s-n,AUX,O,,O
sl-62,45,3,po,,po,Sl,ADP,O,,O
sl-62,45,4,nesreči,,nesreča,Ncfsl,NOUN,O,,O
sl-62,45,5,Lion,Lion,Lion,Npmsn,PROPN,B-ORG,ORG-Lion-Air,B-ORG
sl-62,45,6,Air,Air,Air,Npmsn,PROPN,I-ORG,ORG-Lion-Air,I-ORG
sl-62,45,7,izdal,,izdati,Vmep-sm,VERB,O,,O
sl-62,45,8,obvestilo,,obvestilo,Ncnsa,NOUN,O,,O
sl-62,45,9,vsem,,ves,Pg-mpd,DET,O,,O
sl-62,45,10,pilotom,,pilot,Ncmpd,NOUN,O,,O
sl-62,45,11,737,737,737,Mdc,NUM,B-PRO,PRO-Boeing-737,B-PRO
sl-62,45,12,glede,,glede,Sg,ADP,O,,O
sl-62,45,13,sistema,,sistem,Ncmsg,NOUN,O,,O
sl-62,45,14,MCAS,MCAS,MCAS,Npmsn,PROPN,B-PRO,PRO-Boeing-MCAS-Maneuvering-Characteristics-Augmentation-System,B-PRO
sl-62,45,15,in,,in,Cc,CCONJ,O,,O
sl-62,45,16,tudi,,tudi,Q,PART,O,,O
sl-62,45,17,v,,v,Sl,ADP,O,,O
sl-62,45,18,primeru,,primer,Ncmsl,NOUN,O,,O
sl-62,45,19,padca,,padec,Ncmsg,NOUN,O,,O
sl-62,45,20,MAX-a,MAX,Maxen,Npmsg,PROPN,B-PRO,PRO-Boeing-MAX,B-PRO
sl-62,45,21,v,,v,Sl,ADP,O,,O
sl-62,45,22,Etiopiji,Etiopija,Etiopija,Npfsl,PROPN,B-LOC,GPE-Ethiopia,B-LOC
sl-62,45,23,naj,,naj,Q,PART,O,,O
sl-62,45,24,bi,,biti,Va-c,AUX,O,,O
sl-62,45,25,pilota,,pilot,Ncmsay,NOUN,O,,O
sl-62,45,26,vedela,,vedeti,Vmpp-sf,VERB,O,,O
sl-62,45,27,za,,za,Sa,ADP,O,,O
sl-62,45,28,morebitno,,morebiten,Agpfsa,ADJ,O,,O
sl-62,45,29,težavo,,težava,Ncfsa,NOUN,O,,O
sl-62,45,30,s,,z,Si,ADP,O,,O
sl-62,45,31,sistemom,,sistem,Ncmsi,NOUN,O,,O
sl-62,45,32,in,,in,Cc,CCONJ,O,,O
sl-62,45,33,kako,,kako,Rgp,ADV,O,,O
sl-62,45,34,se,,se,Px------y,PRON,O,,O
sl-62,45,35,pravilno,,pravilno,Rgp,ADV,O,,O
sl-62,45,36,odzvati,,odzvati,Vmen,VERB,O,,O
sl-62,45,37,",",,",",Z,PUNCT,O,,O
sl-62,45,38,če,,če,Cs,SCONJ,O,,O
sl-62,45,39,do,,do,Sg,ADP,O,,O
sl-62,45,40,težave,,težava,Ncfsg,NOUN,O,,O
sl-62,45,41,pride,,priti,Vmer3s,VERB,O,,O
sl-62,45,42,.,,.,Z,PUNCT,O,,O
sl-62,46,1,Tudi,,tudi,Q,PART,O,,O
sl-62,46,2,ameriška,ameriška,ameriški,Agpfsn,ADJ,B-ORG,ORG-FAA-Federal-Aviation-Administration,B-ORG
sl-62,46,3,Zvezna,Zvezna,zvezen,Agpfsn,ADJ,I-ORG,ORG-FAA-Federal-Aviation-Administration,I-ORG
sl-62,46,4,uprava,uprava,uprava,Ncfsn,NOUN,I-ORG,ORG-FAA-Federal-Aviation-Administration,I-ORG
sl-62,46,5,za,za,za,Sa,ADP,I-ORG,ORG-FAA-Federal-Aviation-Administration,I-ORG
sl-62,46,6,letalski,letalski,letalski,Agpmsay,ADJ,I-ORG,ORG-FAA-Federal-Aviation-Administration,I-ORG
sl-62,46,7,promet,promet,promet,Ncmsan,NOUN,I-ORG,ORG-FAA-Federal-Aviation-Administration,I-ORG
sl-62,46,8,je,,biti,Va-r3s-n,AUX,O,,O
sl-62,46,9,priznala,,priznati,Vmep-sf,VERB,O,,O
sl-62,46,10,",",,",",Z,PUNCT,O,,O
sl-62,46,11,da,,da,Cs,SCONJ,O,,O
sl-62,46,12,obstajajo,,obstajati,Vmpr3p,VERB,O,,O
sl-62,46,13,podobnosti,,podobnost,Ncfpn,NOUN,O,,O
sl-62,46,14,med,,med,Si,ADP,O,,O
sl-62,46,15,nesrečama,,nesreča,Ncfdi,NOUN,O,,O
sl-62,46,16,Lion,Lion,Lion,Npmsn,PROPN,B-ORG,ORG-Lion-Air,B-ORG
sl-62,46,17,Air,Air,Air,Npmsn,PROPN,I-ORG,ORG-Lion-Air,I-ORG
sl-62,46,18,in,,in,Cc,CCONJ,O,,O
sl-62,46,19,Ethiopian,Ethiopian,Ethiopian,Npmsn,PROPN,B-ORG,ORG-Ethiopian-Airlines,B-ORG
sl-62,46,20,Airlines,Airlines,Airlines,Npmsn,PROPN,I-ORG,ORG-Ethiopian-Airlines,I-ORG
sl-62,46,21,",",,",",Z,PUNCT,O,,O
sl-62,46,22,a,,a,Cc,CCONJ,O,,O
sl-62,46,23,da,,da,Cs,SCONJ,O,,O
sl-62,46,24,bi,,biti,Va-c,AUX,O,,O
sl-62,46,25,bilo,,biti,Va-p-sn,AUX,O,,O
sl-62,46,26,preuranjeno,,preuranjen,Appnsn,ADJ,O,,O
sl-62,46,27,trditi,,trditi,Vmpn,VERB,O,,O
sl-62,46,28,",",,",",Z,PUNCT,O,,O
sl-62,46,29,da,,da,Cs,SCONJ,O,,O
sl-62,46,30,je,,biti,Va-r3s-n,AUX,O,,O
sl-62,46,31,šlo,,iti,Vmbp-sn,VERB,O,,O
sl-62,46,32,za,,za,Sa,ADP,O,,O
sl-62,46,33,iste,,isti,Pi-fpa,DET,O,,O
sl-62,46,34,težave,,težava,Ncfpa,NOUN,O,,O
sl-62,46,35,.,,.,Z,PUNCT,O,,O
sl-62,47,1,Preiskovalci,,preiskovalec,Ncmpn,NOUN,O,,O
sl-62,47,2,preiskujejo,,preiskovati,Vmpr3p,VERB,O,,O
sl-62,47,3,nesrečo,,nesreča,Ncfsa,NOUN,O,,O
sl-62,47,4,in,,in,Cc,CCONJ,O,,O
sl-62,47,5,dokler,,dokler,Cs,SCONJ,O,,O
sl-62,47,6,ne,,ne,Q,PART,O,,O
sl-62,47,7,bodo,,biti,Va-f3p-n,AUX,O,,O
sl-62,47,8,preučili,,preučiti,Vmep-pm,VERB,O,,O
sl-62,47,9,vzrokov,,vzrok,Ncmpg,NOUN,O,,O
sl-62,47,10,",",,",",Z,PUNCT,O,,O
sl-62,47,11,je,,biti,Va-r3s-n,AUX,O,,O
sl-62,47,12,vzrok,,vzrok,Ncmsn,NOUN,O,,O
sl-62,47,13,za,,za,Sa,ADP,O,,O
sl-62,47,14,tragedijo,,tragedija,Ncfsa,NOUN,O,,O
sl-62,47,15,nemogoče,,nemogoč,Agpnsn,ADJ,O,,O
sl-62,47,16,potrditi,,potrditi,Vmen,VERB,O,,O
sl-62,47,17,.,,.,Z,PUNCT,O,,O
sl-62,48,1,Zaradi,,zaradi,Sg,ADP,O,,O
sl-62,48,2,namigovanj,,namigovanje,Ncnpg,NOUN,O,,O
sl-62,48,3,in,,in,Cc,CCONJ,O,,O
sl-62,48,4,podobnosti,,podobnost,Ncfpg,NOUN,O,,O
sl-62,48,5,nesreče,,nesreča,Ncfsg,NOUN,O,,O
sl-62,48,6,je,,biti,Va-r3s-n,AUX,O,,O
sl-62,48,7,logično,,logičen,Agpnsn,ADJ,O,,O
sl-62,48,8,",",,",",Z,PUNCT,O,,O
sl-62,48,9,da,,da,Cs,SCONJ,O,,O
sl-62,48,10,so,,biti,Va-r3p-n,AUX,O,,O
sl-62,48,11,pod,,pod,Si,ADP,O,,O
sl-62,48,12,pritiskom,,pritisk,Ncmsi,NOUN,O,,O
sl-62,48,13,javnosti,,javnost,Ncfsg,NOUN,O,,O
sl-62,48,14,številne,,številen,Agpfpn,ADJ,O,,O
sl-62,48,15,države,,država,Ncfpn,NOUN,O,,O
sl-62,48,16,prizemljile,,prizemljiti,Vmep-pf,VERB,O,,O
sl-62,48,17,floto,,flota,Ncfsa,NOUN,O,,O
sl-62,48,18,maxov,,max,Ncmpg,NOUN,O,,O
sl-62,48,19,.,,.,Z,PUNCT,O,,O
sl-62,49,1,Zaradi,,zaradi,Sg,ADP,O,,O
sl-62,49,2,že,,že,Q,PART,O,,O
sl-62,49,3,druge,,drug,Mlpfsg,ADJ,O,,O
sl-62,49,4,nesreče,,nesreča,Ncfsg,NOUN,O,,O
sl-62,49,5,MAX-a,MAX,Maxen,Npmsg,PROPN,B-PRO,PRO-Boeing-MAX,B-PRO
sl-62,49,6,so,,biti,Va-r3p-n,AUX,O,,O
sl-62,49,7,jih,,on,Pp3mpa--y,PRON,O,,O
sl-62,49,8,številne,,številen,Agpfpn,ADJ,O,,O
sl-62,49,9,države,,država,Ncfpn,NOUN,O,,O
sl-62,49,10,po,,po,Sl,ADP,O,,O
sl-62,49,11,svetu,,svet,Ncmsl,NOUN,O,,O
sl-62,49,12,prizemljile,,prizemljiti,Vmep-pf,VERB,O,,O
sl-62,49,13,.,,.,Z,PUNCT,O,,O
sl-62,50,1,Medtem,,medtem,Rgp,ADV,O,,O
sl-62,50,2,",",,",",Z,PUNCT,O,,O
sl-62,50,3,ko,,ko,Cs,SCONJ,O,,O
sl-62,50,4,se,,se,Px------y,PRON,O,,O
sl-62,50,5,po,,po,Sl,ADP,O,,O
sl-62,50,6,svetu,,svet,Ncmsl,NOUN,O,,O
sl-62,50,7,vrstijo,,vrstiti,Vmpr3p,VERB,O,,O
sl-62,50,8,številne,,številen,Agpfpn,ADJ,O,,O
sl-62,50,9,prepovedi,,prepoved,Ncfpn,NOUN,O,,O
sl-62,50,10,in,,in,Cc,CCONJ,O,,O
sl-62,50,11,prizemljitve,,prizemljitev,Ncfpn,NOUN,O,,O
sl-62,50,12,letal,,letalo,Ncnpg,NOUN,O,,O
sl-62,50,13,MAX,MAX,Max,Npmsn,PROPN,B-PRO,PRO-Boeing-MAX,B-PRO
sl-62,50,14,",",,",",Z,PUNCT,O,,O
sl-62,50,15,se,,se,Px------y,PRON,O,,O
sl-62,50,16,to,,ta,Pd-nsn,DET,O,,O
sl-62,50,17,v,,v,Sl,ADP,O,,O
sl-62,50,18,Zda,ZDA,ZDA,Npfpl,PROPN,B-LOC,GPE-USA,B-LOC
sl-62,50,19,(,,(,Z,PUNCT,O,,O
sl-62,50,20,še,,še,Q,PART,O,,O
sl-62,50,21,),,),Z,PUNCT,O,,O
sl-62,50,22,ni,,biti,Va-r3s-y,AUX,O,,O
sl-62,50,23,zgodilo,,zgoditi,Vmep-sn,VERB,O,,O
sl-62,50,24,.,,.,Z,PUNCT,O,,O
sl-62,51,1,Letalske,,letalski,Agpfpn,ADJ,O,,O
sl-62,51,2,družbe,,družba,Ncfpn,NOUN,O,,O
sl-62,51,3,čez,,čez,Sa,ADP,O,,O
sl-62,51,4,Atlantik,Atlantik,Atlantik,Npmsan,PROPN,B-LOC,LOC-Atlantic-Ocean,B-LOC
sl-62,51,5,bi,,biti,Va-c,AUX,O,,O
sl-62,51,6,rade,,rad,Rgp,ADV,O,,O
sl-62,51,7,počakale,,počakati,Vmep-pf,VERB,O,,O
sl-62,51,8,na,,na,Sa,ADP,O,,O
sl-62,51,9,izsledke,,izsledek,Ncmpa,NOUN,O,,O
sl-62,51,10,preiskave,,preiskava,Ncfsg,NOUN,O,,O
sl-62,51,11,",",,",",Z,PUNCT,O,,O
sl-62,51,12,preden,,preden,Cs,SCONJ,O,,O
sl-62,51,13,se,,se,Px------y,PRON,O,,O
sl-62,51,14,bodo,,biti,Va-f3p-n,AUX,O,,O
sl-62,51,15,odločile,,odločiti,Vmep-pf,VERB,O,,O
sl-62,51,16,za,,za,Sa,ADP,O,,O
sl-62,51,17,nadaljnje,,nadaljnji,Agpmpa,ADJ,O,,O
sl-62,51,18,ukrepe,,ukrep,Ncmpa,NOUN,O,,O
sl-62,51,19,in,,in,Cc,CCONJ,O,,O
sl-62,51,20,trdijo,,trditi,Vmpr3p,VERB,O,,O
sl-62,51,21,",",,",",Z,PUNCT,O,,O
sl-62,51,22,da,,da,Cs,SCONJ,O,,O
sl-62,51,23,"""",,"""",Z,PUNCT,O,,O
sl-62,51,24,zaupajo,,zaupati,Vmbr3p,VERB,O,,O
sl-62,51,25,v,,v,Sa,ADP,O,,O
sl-62,51,26,varnost,,varnost,Ncfsa,NOUN,O,,O
sl-62,51,27,svojih,,svoj,Px-fpg,DET,O,,O
sl-62,51,28,flot,,flota,Ncfpg,NOUN,O,,O
sl-62,51,29,.,,.,Z,PUNCT,O,,O
sl-62,51,30,"""",,"""",Z,PUNCT,O,,O
sl-62,51,31,Politični,,političen,Agpmpn,ADJ,O,,O
sl-62,51,32,pritiski,,pritisk,Ncmpn,NOUN,O,,O
sl-62,51,33,v,,v,Sl,ADP,O,,O
sl-62,51,34,ZDA,ZDA,ZDA,Npfpl,PROPN,B-LOC,GPE-USA,B-LOC
sl-62,51,35,postajajo,,postajati,Vmpr3p,VERB,O,,O
sl-62,51,36,vse,,vse,Rgp,ADV,O,,O
sl-62,51,37,močnejši,,močen,Agcmpn,ADJ,O,,O
sl-62,51,38,in,,in,Cc,CCONJ,O,,O
sl-62,51,39,verjetno,,verjetno,Rgp,ADV,O,,O
sl-62,51,40,je,,biti,Va-r3s-n,AUX,O,,O
sl-62,51,41,samo,,samo,Q,PART,O,,O
sl-62,51,42,še,,še,Q,PART,O,,O
sl-62,51,43,vprašanje,,vprašanje,Ncnsn,NOUN,O,,O
sl-62,51,44,časa,,čas,Ncmsg,NOUN,O,,O
sl-62,51,45,",",,",",Z,PUNCT,O,,O
sl-62,51,46,preden,,preden,Cs,SCONJ,O,,O
sl-62,51,47,bodo,,biti,Va-f3p-n,AUX,O,,O
sl-62,51,48,MAX-i,MAX,Maxen,Npmpn,PROPN,B-PRO,PRO-Boeing-MAX,B-PRO
sl-62,51,49,prizemljeni,,prizemljen,Appmpn,ADJ,O,,O
sl-62,51,50,tudi,,tudi,Q,PART,O,,O
sl-62,51,51,na,,na,Sl,ADP,O,,O
sl-62,51,52,njihovih,,njihov,Ps3fplp,DET,O,,O
sl-62,51,53,tleh,,tla,Ncnpl,NOUN,O,,O
sl-62,51,54,.,,.,Z,PUNCT,O,,O
