docId,sentenceId,tokenId,text,lemma,calcLemma,upos,xpos,ner,clID,calcNER
bg-1139,0,1,Преглед,,преглед,Ncmsi,NOUN,O,,B-ORG
bg-1139,0,2,на,,на,R,ADP,O,,B-ORG
bg-1139,0,3,основните,,основен,A-pd,ADJ,O,,B-ORG
bg-1139,0,4,теми,,тема,Ncfpi,NOUN,O,,B-ORG
bg-1139,0,5,в,,в,R,ADP,O,,B-ORG
bg-1139,0,6,британския,,британски,Amsh,ADJ,O,,B-ORG
bg-1139,0,7,печат,,печат,Ncmsi,NOUN,O,,B-ORG
bg-1139,0,8,(,,(,punct,PUNCT,O,,B-ORG
bg-1139,0,9,Агенция,,агенция,Ncfsi,NOUN,O,,B-ORG
bg-1139,1,1,Лондон,Лондон,лондон,Npmsi,PROPN,B-LOC,GPE-London,B-PER
bg-1139,1,2,.,,.,punct,PUNCT,O,,B-ORG
bg-1139,2,1,Основателите,,основател,Ncmpd,NOUN,O,,B-ORG
bg-1139,2,2,на,,на,R,ADP,O,,B-ORG
bg-1139,2,3,Европейския,Европейски,европейски,Amsh,ADJ,B-ORG,ORG-European-Union,B-PRO
bg-1139,2,4,съюз,съюз,съюз,Ncmsi,NOUN,I-ORG,ORG-European-Union,I-PRO
bg-1139,2,5,не,,не,Tn,PART,O,,B-ORG
bg-1139,2,6,създадоха,,създам,Vpptf-o3p,VERB,O,,B-ORG
bg-1139,2,7,общия,,общ,Amsh,ADJ,O,,B-ORG
bg-1139,2,8,пазар,,пазар,Ncmsi,NOUN,O,,B-ORG
bg-1139,2,9,",",,",",punct,PUNCT,O,,B-ORG
bg-1139,2,10,за,,за,R,ADP,O,,B-ORG
bg-1139,2,11,да,,да,Tx,AUX,O,,B-ORG
bg-1139,2,12,премахнат,,премахна,Vpptf-r3p,VERB,O,,B-ORG
bg-1139,2,13,бариерите,,бариера,Ncfpd,NOUN,O,,B-ORG
bg-1139,2,14,пред,,пред,R,ADP,O,,B-ORG
bg-1139,2,15,търговията,,търговия,Ncfsd,NOUN,O,,B-ORG
bg-1139,2,16,",",,",",punct,PUNCT,O,,B-ORG
bg-1139,2,17,а,,а,Cp,CCONJ,O,,B-ORG
bg-1139,2,18,за,,за,R,ADP,O,,B-ORG
bg-1139,2,19,да,,да,Tx,AUX,O,,B-ORG
bg-1139,2,20,преследват,,преследвам,Vpitf-r3p,VERB,O,,B-ORG
bg-1139,2,21,политическия,,политически,Amsh,ADJ,O,,B-ORG
bg-1139,2,22,проект,,проект,Ncmsi,NOUN,O,,B-ORG
bg-1139,2,23,",",,",",punct,PUNCT,O,,B-ORG
bg-1139,2,24,ще,,ще,Tx,AUX,O,,B-ORG
bg-1139,2,25,заяви,,заявя,Vpptf-r3s,VERB,O,,B-ORG
bg-1139,2,26,Борис,Борис,борис,Npmsi,PROPN,B-PER,PER-Boris-Johnson,I-ORG
bg-1139,2,27,Джонсън,Джонсън,джонсън,Hmsi,PROPN,I-PER,PER-Boris-Johnson,O
bg-1139,2,28,седмица,,седмица,Ncfsi,NOUN,O,,B-ORG
bg-1139,2,29,в,,в,R,ADP,O,,B-ORG
bg-1139,2,30,реч,,реч,Ncfsi,NOUN,O,,B-ORG
bg-1139,2,31,",",,",",punct,PUNCT,O,,B-ORG
bg-1139,2,32,излагаща,,излагам,Vpitcar-sfi,ADJ,O,,B-ORG
bg-1139,2,33,твърденията,,твърдение,Ncnpd,NOUN,O,,B-ORG
bg-1139,2,34,му,,мой,Psot--3--m,PRON,O,,B-ORG
bg-1139,2,35,за,,за,R,ADP,O,,B-ORG
bg-1139,2,36,либерална,,либерален,Afsi,ADJ,O,,B-ORG
bg-1139,2,37,визия,,визия,Ncfsi,NOUN,O,,B-ORG
bg-1139,2,38,за,,за,R,ADP,O,,B-ORG
bg-1139,2,39,Брекзит,Брекзит,брекзит,Npfsi,PROPN,B-EVT,EVT-Brexit,B-EVT
bg-1139,2,40,",",,",",punct,PUNCT,O,,B-ORG
bg-1139,2,41,пише,,пиша,Vpitf-r3s,VERB,O,,B-ORG
bg-1139,2,42,вестник,,вестник,Ncmsi,NOUN,O,,B-ORG
bg-1139,2,43,The,The,the,Npmsi,PROPN,B-PRO,PRO-The-Guardian,I-PER
bg-1139,2,44,Guardian,Guardian,guardian,Npmsi,PROPN,I-PRO,PRO-The-Guardian,B-LOC
bg-1139,3,1,Външният,,външен,Amsf,ADJ,O,,B-ORG
bg-1139,3,2,министър,,министър,Ncmsi,NOUN,O,,B-ORG
bg-1139,3,3,на,,на,R,ADP,O,,B-ORG
bg-1139,3,4,Обединеното,Обединеното,обединя-(се),Vpptcv--snd,ADJ,B-LOC,GPE-Great-Britain,B-PER
bg-1139,3,5,кралство,кралство,кралство,Ncnsi,NOUN,I-LOC,GPE-Great-Britain,I-EVT
bg-1139,3,6,ще,,ще,Tx,AUX,O,,B-ORG
bg-1139,3,7,призове,,призова,Vpptf-r3s,VERB,O,,B-ORG
bg-1139,3,8,привържениците,,привърженик,Ncmpd,NOUN,O,,B-ORG
bg-1139,3,9,за,,за,R,ADP,O,,B-ORG
bg-1139,3,10,оставане,,оставане,Ncnsi,NOUN,O,,B-ORG
bg-1139,3,11,и,,и,Cp,CCONJ,O,,B-ORG
bg-1139,3,12,за,,за,R,ADP,O,,B-ORG
bg-1139,3,13,напускане,,напускане,Ncnsi,NOUN,O,,B-ORG
bg-1139,3,14,на,,на,R,ADP,O,,B-ORG
bg-1139,3,15,ЕС,ЕС,ес,Npmsi,PROPN,B-ORG,ORG-European-Union,B-PRO
bg-1139,3,16,да,,да,Tx,AUX,O,,B-ORG
bg-1139,3,17,се,,се,Ppxta,PRON,O,,B-ORG
bg-1139,3,18,обединят,,обединя-(се),Vpptf-r3p,VERB,O,,B-ORG
bg-1139,3,19,",",,",",punct,PUNCT,O,,B-ORG
bg-1139,3,20,за,,за,R,ADP,O,,B-ORG
bg-1139,3,21,да,,да,Tx,AUX,O,,B-ORG
bg-1139,3,22,може,,мога,Vniif-r3s,VERB,O,,B-ORG
bg-1139,3,23,Великобритания,Великобритания,великобритания,Npfsi,PROPN,B-LOC,GPE-Great-Britain,B-PER
bg-1139,3,24,да,,да,Tx,AUX,O,,B-ORG
bg-1139,3,25,извлече,,извлека,Vpptf-r3s,VERB,O,,B-ORG
bg-1139,3,26,търговски,,търговски,A-pi,ADJ,O,,B-ORG
bg-1139,3,27,ползи,,полза,Ncfpi,NOUN,O,,B-ORG
bg-1139,3,28,",",,",",punct,PUNCT,O,,B-ORG
bg-1139,3,29,ако,,ако,Cs,SCONJ,O,,B-ORG
bg-1139,3,30,е,,съм,Vxitf-r3s,AUX,O,,B-ORG
bg-1139,3,31,готова,,готов,Afsi,ADJ,O,,B-ORG
bg-1139,3,32,да,,да,Tx,AUX,O,,B-ORG
bg-1139,3,33,се,,се,Ppxta,PRON,O,,B-ORG
bg-1139,3,34,откаже,,откажа-(се),Vpptf-r3s,VERB,O,,B-ORG
bg-1139,3,35,от,,от,R,ADP,O,,B-ORG
bg-1139,3,36,регулациите,,регулация,Ncfpd,NOUN,O,,B-ORG
bg-1139,3,37,.,,.,punct,PUNCT,O,,B-ORG
bg-1139,4,1,В,,в,R,ADP,O,,B-ORG
bg-1139,4,2,първата,,пръв,Mofsd,ADJ,O,,B-ORG
bg-1139,4,3,от,,от,R,ADP,O,,B-ORG
bg-1139,4,4,серията,,серия,Ncfsd,NOUN,O,,B-ORG
bg-1139,4,5,речи,,реч,Ncfpi,NOUN,O,,B-ORG
bg-1139,4,6,на,,на,R,ADP,O,,B-ORG
bg-1139,4,7,ключови,,ключов,A-pi,ADJ,O,,B-ORG
bg-1139,4,8,министри,,министър,Ncmpi,NOUN,O,,B-ORG
bg-1139,4,9,от,,от,R,ADP,O,,B-ORG
bg-1139,4,10,кабинета,,кабинет,Ncmsh,NOUN,O,,B-ORG
bg-1139,4,11,иска,,искам,Vpitf-r3s,VERB,O,,B-ORG
bg-1139,4,12,да,,да,Tx,AUX,O,,B-ORG
bg-1139,4,13,се,,се,Ppxta,PRON,O,,B-ORG
bg-1139,4,14,обърне,,обърна-(се),Vpptf-r3s,VERB,O,,B-ORG
bg-1139,4,15,",",,",",punct,PUNCT,O,,B-ORG
bg-1139,4,16,към,,към,R,ADP,O,,B-ORG
bg-1139,4,17,привържениците,,привърженик,Ncmpd,NOUN,O,,B-ORG
bg-1139,4,18,за,,за,R,ADP,O,,B-ORG
bg-1139,4,19,оставане,,оставане,Ncnsi,NOUN,O,,B-ORG
bg-1139,4,20,",",,",",punct,PUNCT,O,,B-ORG
bg-1139,4,21,но,,но,Cc,CCONJ,O,,B-ORG
bg-1139,4,22,се,,се,Ppxta,PRON,O,,B-ORG
bg-1139,4,23,очаква,,очаквам,Vpitf-r3s,VERB,O,,B-ORG
bg-1139,4,24,да,,да,Tx,AUX,O,,B-ORG
bg-1139,4,25,бъде,,бъда,Vyptf-r3s,AUX,O,,B-ORG
bg-1139,4,26,критикуван,,критикувам,Vpitcv--smi,VERB,O,,B-ORG
bg-1139,4,27,от,,от,R,ADP,O,,B-ORG
bg-1139,4,28,тези,,този,Pde-op,DET,O,,B-ORG
bg-1139,4,29,",",,",",punct,PUNCT,O,,B-ORG
bg-1139,4,30,които,,който,Pre-op,PRON,O,,B-ORG
bg-1139,4,31,виждат,,виждам-(се),Vpitf-r3p,VERB,O,,B-ORG
bg-1139,4,32,ЕС,ЕС,ес,Npmsi,PROPN,B-ORG,ORG-European-Union,B-PRO
bg-1139,4,33,за,,за,R,ADP,O,,B-ORG
bg-1139,4,34,основен,,основен,Amsi,ADJ,O,,B-ORG
bg-1139,4,35,либерализиращ,,либерализирам,Vpitcar-smi,ADJ,O,,B-ORG
bg-1139,4,36,фактор,,фактор,Ncmsi,NOUN,O,,B-ORG
bg-1139,4,37,.,,.,punct,PUNCT,O,,B-ORG
bg-1139,5,1,Според,,според,R,ADP,O,,B-ORG
bg-1139,5,2,източници,,източник,Ncmpi,NOUN,O,,B-ORG
bg-1139,5,3,тази,,този,Pde-os-f,DET,O,,B-ORG
bg-1139,5,4,реч,,реч,Ncfsi,NOUN,O,,B-ORG
bg-1139,5,5,ще,,ще,Tx,AUX,O,,B-ORG
bg-1139,5,6,повтори,,повторя,Vpptf-r3s,VERB,O,,B-ORG
bg-1139,5,7,думите,,дума,Ncfpd,NOUN,O,,B-ORG
bg-1139,5,8,му,,мой,Psot--3--m,PRON,O,,B-ORG
bg-1139,5,9,от,,от,R,ADP,O,,B-ORG
bg-1139,5,10,скорошно,,скорошен,Ansi,ADJ,O,,B-ORG
bg-1139,5,11,интервю,,интервю,Ncnsi,NOUN,O,,B-ORG
bg-1139,5,12,пред,,пред,R,ADP,O,,B-ORG
bg-1139,5,13,вестника,,вестник,Ncmsh,NOUN,O,,B-ORG
bg-1139,5,14,",",,",",punct,PUNCT,O,,B-ORG
bg-1139,5,15,в,,в,R,ADP,O,,B-ORG
bg-1139,5,16,което,,който,Pre-os-n,PRON,O,,B-ORG
bg-1139,5,17,той,,аз,Ppe-os3m,PRON,O,,B-ORG
bg-1139,5,18,заявява,,заявявам,Vpitf-r3s,VERB,O,,B-ORG
bg-1139,5,19,„,,елиня,Ncmsd,NOUN,O,,B-ORG
bg-1139,5,20,Това,,този,Pde-os-n,DET,O,,B-ORG
bg-1139,5,21,",",,",",punct,PUNCT,O,,B-ORG
bg-1139,5,22,което,,който,Pre-os-n,PRON,O,,B-ORG
bg-1139,5,23,искам,,искам,Vpitf-r1s,VERB,O,,B-ORG
bg-1139,5,24,да,,да,Tx,AUX,O,,B-ORG
bg-1139,5,25,видя,,видя-(се),Vpptf-r1s,VERB,O,,B-ORG
bg-1139,5,26,е,,съм,Vxitf-r3s,AUX,O,,B-ORG
bg-1139,5,27,тази,,този,Pde-os-f,DET,O,,B-ORG
bg-1139,5,28,страна,,страна,Ncfsi,NOUN,O,,B-ORG
bg-1139,5,29,да,,да,Tx,AUX,O,,B-ORG
bg-1139,5,30,извлече,,извлека,Vpptf-r3s,VERB,O,,B-ORG
bg-1139,5,31,предимство,,предимство,Ncnsi,NOUN,O,,B-ORG
bg-1139,5,32,от,,от,R,ADP,O,,B-ORG
bg-1139,5,33,решението,,решение,Ncnsd,NOUN,O,,B-ORG
bg-1139,5,34,на,,на,R,ADP,O,,B-ORG
bg-1139,5,35,хората,,хора,Nc-ld,NOUN,O,,B-ORG
bg-1139,5,36,",",,",",punct,PUNCT,O,,B-ORG
bg-1139,5,37,да,,да,Tx,AUX,O,,B-ORG
bg-1139,5,38,получи,,получа,Vpptf-r3s,VERB,O,,B-ORG
bg-1139,5,39,най-добрия,,добър,Amsh,ADJ,O,,B-ORG
bg-1139,5,40,икономически,,икономически,Amsi,ADJ,O,,B-ORG
bg-1139,5,41,резултат,,резултат,Ncmsi,NOUN,O,,B-ORG
bg-1139,5,42,от,,от,R,ADP,O,,B-ORG
bg-1139,5,43,това,,този,Pde-os-n,DET,O,,B-ORG
bg-1139,5,44,решение,,решение,Ncnsi,NOUN,O,,B-ORG
bg-1139,5,45,и,,и,Cp,CCONJ,O,,B-ORG
bg-1139,5,46,да,,да,Tx,AUX,O,,B-ORG
bg-1139,5,47,направим,,направя-(се),Vpptf-r1p,VERB,O,,B-ORG
bg-1139,5,48,най-доброто,,добър,Ansd,ADJ,O,,B-ORG
bg-1139,5,49,",",,",",punct,PUNCT,O,,B-ORG
bg-1139,5,50,което,,който,Pre-os-n,PRON,O,,B-ORG
bg-1139,5,51,можем“,,мога,Vpiif-r1s,VERB,O,,B-ORG
bg-1139,5,52,.,,.,punct,PUNCT,O,,B-ORG
bg-1139,6,1,Джонсън,Джонсън,джонсън,Hmsi,PROPN,B-PER,PER-Boris-Johnson,I-ORG
bg-1139,6,2,вярва,,вярвам,Vpitf-r3s,VERB,O,,B-ORG
bg-1139,6,3,",",,",",punct,PUNCT,O,,B-ORG
bg-1139,6,4,че,,че,Cs,SCONJ,O,,B-ORG
bg-1139,6,5,всяко,,всеки,Pce-os-n,DET,O,,B-ORG
bg-1139,6,6,решение,,решение,Ncnsi,NOUN,O,,B-ORG
bg-1139,6,7,за,,за,R,ADP,O,,B-ORG
bg-1139,6,8,статут,,статут,Ncmsi,NOUN,O,,B-ORG
bg-1139,6,9,подобен,,подобен,Amsi,ADJ,O,,B-ORG
bg-1139,6,10,на,,на,R,ADP,O,,B-ORG
bg-1139,6,11,този,,този,Pde-os-m,DET,O,,B-ORG
bg-1139,6,12,на,,на,R,ADP,O,,B-ORG
bg-1139,6,13,Норвегия,Норвегия,норвегия,Npfsi,PROPN,B-LOC,GPE-Norway,B-PER
bg-1139,6,14,",",,",",punct,PUNCT,O,,B-ORG
bg-1139,6,15,би,,съм,Vxitu-o3s,AUX,O,,B-ORG
bg-1139,6,16,вързало,,вържа-(се),Vpptcao-sni,VERB,O,,B-ORG
bg-1139,6,17,ръцете,,ръка,Ncfpd,NOUN,O,,B-ORG
bg-1139,6,18,на,,на,R,ADP,O,,B-ORG
bg-1139,6,19,Великобритания,Великобритания,великобритания,Npfsi,PROPN,B-LOC,GPE-Great-Britain,B-PER
bg-1139,6,20,отново,,отново,Dt,ADV,O,,B-ORG
bg-1139,6,21,",",,",",punct,PUNCT,O,,B-ORG
bg-1139,6,22,защото,,защото,Prc,ADV,O,,B-ORG
bg-1139,6,23,ще,,ще,Tx,AUX,O,,B-ORG
bg-1139,6,24,се,,се,Ppxta,PRON,O,,B-ORG
bg-1139,6,25,подпишат,,подпиша-(се),Vpptf-r3p,VERB,O,,B-ORG
bg-1139,6,26,същите,,същ,A-pd,ADJ,O,,B-ORG
bg-1139,6,27,регулации,,регулация,Ncfpi,NOUN,O,,B-ORG
bg-1139,6,28,",",,",",punct,PUNCT,O,,B-ORG
bg-1139,6,29,които,,който,Pre-op,PRON,O,,B-ORG
bg-1139,6,30,ще,,ще,Tx,AUX,O,,B-ORG
bg-1139,6,31,ограничат,,огранича-(се),Vpptf-r3p,VERB,O,,B-ORG
bg-1139,6,32,възможностите,,възможност,Ncfpd,NOUN,O,,B-ORG
bg-1139,6,33,за,,за,R,ADP,O,,B-ORG
bg-1139,6,34,нови,,нов,A-pi,ADJ,O,,B-ORG
bg-1139,6,35,търговски,,търговски,A-pi,ADJ,O,,B-ORG
bg-1139,6,36,сделки,,сделка,Ncfpi,NOUN,O,,B-ORG
bg-1139,6,37,с,,с,R,ADP,O,,B-ORG
bg-1139,6,38,други,,друг,A-pi,ADJ,O,,B-ORG
bg-1139,6,39,партньори,,партньор,Ncmpi,NOUN,O,,B-ORG
bg-1139,6,40,.,,.,punct,PUNCT,O,,B-ORG
bg-1139,7,1,Зад,,зад,R,ADP,O,,B-ORG
bg-1139,7,2,кулисите,,кулис,Ncmpd,NOUN,O,,B-ORG
bg-1139,7,3,Борис,Борис,борис,Npmsi,PROPN,B-PER,PER-Boris-Johnson,I-ORG
bg-1139,7,4,Джонсън,Джонсън,джонсън,Hmsi,PROPN,I-PER,PER-Boris-Johnson,O
bg-1139,7,5,среща,,срещам-(се),Vpitf-r3s,VERB,O,,B-ORG
bg-1139,7,6,съпротивата,,съпротива,Ncfsd,NOUN,O,,B-ORG
bg-1139,7,7,на,,на,R,ADP,O,,B-ORG
bg-1139,7,8,финансовият,,финансов,Amsf,ADJ,O,,B-ORG
bg-1139,7,9,министър,,министър,Ncmsi,NOUN,O,,B-ORG
bg-1139,7,10,Филип,Филип,филип,Npmsi,PROPN,B-PER,PER-Philip-Hammond,I-ORG
bg-1139,7,11,Хамънд,Хамънд,хамънд,Hmsi,PROPN,I-PER,PER-Philip-Hammond,O
bg-1139,7,12,и,,и,Cp,CCONJ,O,,B-ORG
bg-1139,7,13,вътрешния,,вътрешен,Amsh,ADJ,O,,B-ORG
bg-1139,7,14,министър,,министър,Ncmsi,NOUN,O,,B-ORG
bg-1139,7,15,Амбър,Амбър,амбър,Npfsi,PROPN,B-PER,PER-Amber-Rudd,I-ORG
bg-1139,7,16,Ръд,Ръд,ръд,Hfsi,PROPN,I-PER,PER-Amber-Rudd,O
bg-1139,7,17,",",,",",punct,PUNCT,O,,B-ORG
bg-1139,7,18,които,,който,Pre-op,PRON,O,,B-ORG
bg-1139,7,19,са,,съм,Vxitf-r3p,AUX,O,,B-ORG
bg-1139,7,20,за,,за,R,ADP,O,,B-ORG
bg-1139,7,21,по-близки,,близък,A-pi,ADJ,O,,B-ORG
bg-1139,7,22,икономически,,икономически,A-pi,ADJ,O,,B-ORG
bg-1139,7,23,връзки,,връзка,Ncfpi,NOUN,O,,B-ORG
bg-1139,7,24,с,,с,R,ADP,O,,B-ORG
bg-1139,7,25,ЕС,ЕС,ес,Npmsi,PROPN,B-ORG,ORG-European-Union,B-PRO
bg-1139,7,26,.,,.,punct,PUNCT,O,,B-ORG
bg-1139,8,1,Лондон,Лондон,лондон,Npmsi,PROPN,B-LOC,GPE-London,B-PER
bg-1139,8,2,.,,.,punct,PUNCT,O,,B-ORG
bg-1139,9,1,Привърженикът,,привърженик,Ncmsf,NOUN,O,,B-ORG
bg-1139,9,2,на,,на,R,ADP,O,,B-ORG
bg-1139,9,3,„твърд“,,„твърд“,Npmsi,PROPN,O,,B-ORG
bg-1139,9,4,Брекзит,Брекзит,брекзит,Npfsi,PROPN,B-EVT,EVT-Brexit,B-EVT
bg-1139,9,5,Джейкъб,Джейкъб,джейкъб,Npmsi,PROPN,B-PER,PER-Jacob-Rees-Mogg,I-ORG
bg-1139,9,6,Рийс-Мог,Рийс-Мог,рийс-мог,Hmsi,PROPN,I-PER,PER-Jacob-Rees-Mogg,O
bg-1139,9,7,набира,,набирам-(се),Vpitf-r3s,VERB,O,,B-ORG
bg-1139,9,8,популярност,,популярност,Ncfsi,NOUN,O,,B-ORG
bg-1139,9,9,",",,",",punct,PUNCT,O,,B-ORG
bg-1139,9,10,като,,като,R,ADP,O,,B-ORG
bg-1139,9,11,фаворит,,фаворит,Ncmsi,NOUN,O,,B-ORG
bg-1139,9,12,за,,за,R,ADP,O,,B-ORG
bg-1139,9,13,бъдещ,,бъдещ,Amsi,ADJ,O,,B-ORG
bg-1139,9,14,премиер,,премиер,Ncmsi,NOUN,O,,B-ORG
bg-1139,9,15,на,,на,R,ADP,O,,B-ORG
bg-1139,9,16,мястото,,място,Ncnsd,NOUN,O,,B-ORG
bg-1139,9,17,на,,на,R,ADP,O,,B-ORG
bg-1139,9,18,Тереза,Тереза,тереза,Npfsi,PROPN,B-PER,PER-Theresa-May,I-ORG
bg-1139,9,19,Мей,Мей,мей,Hfsi,PROPN,I-PER,PER-Theresa-May,O
bg-1139,9,20,",",,",",punct,PUNCT,O,,B-ORG
bg-1139,9,21,ако,,ако,Cs,SCONJ,O,,B-ORG
bg-1139,9,22,тя,,аз,Ppe-os3f,PRON,O,,B-ORG
bg-1139,9,23,бъде,,бъда,Vyptf-r3s,AUX,O,,B-ORG
bg-1139,9,24,принудена,,принудя-(се),Vpptcv--sfi,VERB,O,,B-ORG
bg-1139,9,25,да,,да,Tx,AUX,O,,B-ORG
bg-1139,9,26,се,,се,Ppxta,PRON,O,,B-ORG
bg-1139,9,27,оттегли,,оттегля-(се),Vpptf-r3s,VERB,O,,B-ORG
bg-1139,9,28,",",,",",punct,PUNCT,O,,B-ORG
bg-1139,9,29,разкрива,,разкривам-(се),Vpitf-r3s,VERB,O,,B-ORG
bg-1139,9,30,допитване,,допитване,Ncnsi,NOUN,O,,B-ORG
bg-1139,9,31,проведено,,проведа,Vpptcv--sni,ADJ,O,,B-ORG
bg-1139,9,32,за,,за,R,ADP,O,,B-ORG
bg-1139,9,33,британския,,британски,Amsh,ADJ,O,,B-ORG
bg-1139,9,34,ежедневник,,ежедневник,Ncmsi,NOUN,O,,B-ORG
bg-1139,9,35,The,The,the,Npmsi,PROPN,B-PRO,PRO-The-Independent,I-PER
bg-1139,9,36,Independent,Independent,independent,Npmsi,PROPN,I-PRO,PRO-The-Independent,B-LOC
bg-1139,9,37,Рийс-Мог,Рийс-Мог,рийс-мог,Npmsi,PROPN,B-PER,PER-Jacob-Rees-Mogg,I-ORG
bg-1139,9,38,задминава,,задминавам,Vpitf-r3s,VERB,O,,B-ORG
bg-1139,9,39,финансовия,,финансов,Amsh,ADJ,O,,B-ORG
bg-1139,9,40,министър,,министър,Ncmsi,NOUN,O,,B-ORG
bg-1139,9,41,Филип,Филип,филип,Npmsi,PROPN,B-PER,PER-Philip-Hammond,I-ORG
bg-1139,9,42,Хамънд,Хамънд,хамънд,Hmsi,PROPN,I-PER,PER-Philip-Hammond,O
bg-1139,9,43,",",,",",punct,PUNCT,O,,B-ORG
bg-1139,9,44,министъра,,министър,Ncmsh,NOUN,O,,B-ORG
bg-1139,9,45,на,,на,R,ADP,O,,B-ORG
bg-1139,9,46,вътрешните,,вътрешен,A-pd,ADJ,O,,B-ORG
bg-1139,9,47,работи,,работа,Ncfpi,NOUN,O,,B-ORG
bg-1139,9,48,Амбър,Амбър,амбър,Npfsi,PROPN,B-PER,PER-Amber-Rudd,I-ORG
bg-1139,9,49,Ръд,Ръд,ръд,Hfsi,PROPN,I-PER,PER-Amber-Rudd,O
bg-1139,9,50,и,,и,Cp,CCONJ,O,,B-ORG
bg-1139,9,51,шотландската,,шотландски,Afsd,ADJ,O,,B-ORG
bg-1139,9,52,консерваторка,,консерваторка,Ncfsi,NOUN,O,,B-ORG
bg-1139,9,53,Рут,Рут,рут,Npfsi,PROPN,B-PER,PER-Ruth-Davidson,
bg-1139,9,54,Дейвидсън,Дейвидсън,дейвидсън,Hfsi,PROPN,I-PER,PER-Ruth-Davidson,
bg-1139,9,55,.,,.,punct,PUNCT,O,,
bg-1139,10,1,Мъжете,,мъж,Ncmpd,NOUN,O,,B-ORG
bg-1139,10,2,и,,и,Cp,CCONJ,O,,B-ORG
bg-1139,10,3,гласоподавателите,,гласоподавател,Ncmpd,NOUN,O,,B-ORG
bg-1139,10,4,на,,на,R,ADP,O,,B-ORG
bg-1139,10,5,55-годишна,,55-годишна,Afsi,ADJ,O,,B-ORG
bg-1139,10,6,възраст,,възраст,Ncfsi,NOUN,O,,B-ORG
bg-1139,10,7,са,,съм,Vxitf-r3p,AUX,O,,B-ORG
bg-1139,10,8,сред,,сред,R,ADP,O,,B-ORG
bg-1139,10,9,на-големите,,голям,A-pd,ADJ,O,,B-ORG
bg-1139,10,10,му,,мой,Psot--3--m,PRON,O,,B-ORG
bg-1139,10,11,привърженици,,привърженик,Ncmpi,NOUN,O,,B-ORG
bg-1139,10,12,.,,.,punct,PUNCT,O,,B-ORG
bg-1139,11,1,Резултатите,,резултат,Ncmpd,NOUN,O,,B-ORG
bg-1139,11,2,от,,от,R,ADP,O,,B-ORG
bg-1139,11,3,допитването,,допитване,Ncnsd,NOUN,O,,B-ORG
bg-1139,11,4,идват,,идвам,Vpiif-r3p,VERB,O,,B-ORG
bg-1139,11,5,на,,на,R,ADP,O,,B-ORG
bg-1139,11,6,фона,,фон,Ncmsh,NOUN,O,,B-ORG
bg-1139,11,7,на,,на,R,ADP,O,,B-ORG
bg-1139,11,8,разочарованието,,разочарование,Ncnsd,NOUN,O,,B-ORG
bg-1139,11,9,на,,на,R,ADP,O,,B-ORG
bg-1139,11,10,обществото,,общество,Ncnsd,NOUN,O,,B-ORG
bg-1139,11,11,от,,от,R,ADP,O,,B-ORG
bg-1139,11,12,сегашния,,сегашен,Amsh,ADJ,O,,B-ORG
bg-1139,11,13,премиер,,премиер,Ncmsi,NOUN,O,,B-ORG
bg-1139,11,14,и,,и,Cp,CCONJ,O,,B-ORG
bg-1139,11,15,спекулациите,,спекулация,Ncfpd,NOUN,O,,B-ORG
bg-1139,11,16,за,,за,R,ADP,O,,B-ORG
bg-1139,11,17,предстоящ,,предстоя,Vpitcar-smi,ADJ,O,,B-ORG
bg-1139,11,18,вот,,вот,Ncmsi,NOUN,O,,B-ORG
bg-1139,11,19,на,,на,R,ADP,O,,B-ORG
bg-1139,11,20,недоверие,,недоверие,Ncnsi,NOUN,O,,B-ORG
bg-1139,11,21,.,,.,punct,PUNCT,O,,B-ORG
bg-1139,12,1,Междувременно,,междувременно,Dm,ADV,O,,B-ORG
bg-1139,12,2,Рийс-Мог,Рийс-Мог,рийс-мог,Npssi,PROPN,B-PER,PER-Jacob-Rees-Mogg,I-ORG
bg-1139,12,3,застана,,застана,Vppif-o3s,VERB,O,,B-ORG
bg-1139,12,4,на,,на,R,ADP,O,,B-ORG
bg-1139,12,5,чело,,чело,Ncnsi,NOUN,O,,B-ORG
bg-1139,12,6,на,,на,R,ADP,O,,B-ORG
bg-1139,12,7,„бунта“,,„бунта“,Ncmsh,NOUN,O,,B-ORG
bg-1139,12,8,срещу,,срещу,R,ADP,O,,B-ORG
bg-1139,12,9,Тереза,Тереза,тереза,Npfsi,PROPN,B-PER,PER-Theresa-May,I-ORG
bg-1139,13,1,Мей,Мей,мей,Npfsi,PROPN,I-PER,PER-Theresa-May,O
bg-1139,13,2,заради,,заради,R,ADP,O,,B-ORG
bg-1139,13,3,начина,,начин,Ncmsh,NOUN,O,,B-ORG
bg-1139,13,4,",",,",",punct,PUNCT,O,,B-ORG
bg-1139,13,5,по,,по,R,ADP,O,,B-ORG
bg-1139,13,6,който,,който,Pre-os-m,PRON,O,,B-ORG
bg-1139,13,7,води,,водя,Vpitf-r3s,VERB,O,,B-ORG
bg-1139,13,8,преговорите,,преговори,Nc-ld,NOUN,O,,B-ORG
bg-1139,13,9,за,,за,R,ADP,O,,B-ORG
bg-1139,13,10,Брекзит,Брекзит,брекзит,Npfsi,PROPN,B-EVT,EVT-Brexit,B-EVT
bg-1139,13,11,.,,.,punct,PUNCT,O,,B-ORG
bg-1139,14,1,Самият,,сам,Amsf,ADJ,O,,B-ORG
bg-1139,14,2,той,,аз,Ppe-os3m,PRON,O,,B-ORG
bg-1139,14,3,заявява,,заявявам,Vpitf-r3s,VERB,O,,B-ORG
bg-1139,14,4,",",,",",punct,PUNCT,O,,B-ORG
bg-1139,14,5,че,,че,Cs,SCONJ,O,,B-ORG
bg-1139,14,6,трудно,,трудно,Dm,ADV,O,,B-ORG
bg-1139,14,7,би,,съм,Vxitu-o3s,AUX,O,,B-ORG
bg-1139,14,8,станал,,стана,Vppicao-smi,VERB,O,,B-ORG
bg-1139,14,9,премиер,,премиер,Ncmsi,NOUN,O,,B-ORG
bg-1139,14,10,",",,",",punct,PUNCT,O,,B-ORG
bg-1139,14,11,защото,,защото,Prc,ADV,O,,B-ORG
bg-1139,14,12,има,,има,Vnitf-r3s,VERB,O,,B-ORG
bg-1139,14,13,шест,,шест,Mc-pi,NUM,O,,B-ORG
bg-1139,14,14,деца,,дете,Ncnpi,NOUN,O,,B-ORG
bg-1139,14,15,",",,",",punct,PUNCT,O,,B-ORG
bg-1139,14,16,но,,но,Cc,CCONJ,O,,B-ORG
bg-1139,14,17,така,,така,Pdm,ADV,O,,B-ORG
bg-1139,14,18,и,,и,Cp,CCONJ,O,,B-ORG
bg-1139,14,19,не,,не,Tn,PART,O,,B-ORG
bg-1139,14,20,отхвърля,,отхвърлям,Vpitf-r3s,VERB,O,,B-ORG
bg-1139,14,21,подобна,,подобен,Afsi,ADJ,O,,B-ORG
bg-1139,14,22,идея,,идея,Ncfsi,NOUN,O,,B-ORG
bg-1139,14,23,.,,.,punct,PUNCT,O,,B-ORG
bg-1139,15,1,Допитването,,допитване,Ncnsd,NOUN,O,,B-ORG
bg-1139,15,2,показва,,показвам-(се),Vpitf-r3s,VERB,O,,B-ORG
bg-1139,15,3,",",,",",punct,PUNCT,O,,B-ORG
bg-1139,15,4,че,,че,Cs,SCONJ,O,,B-ORG
bg-1139,15,5,Борис,Борис,борис,Npmsi,PROPN,B-PER,PER-Boris-Johnson,I-ORG
bg-1139,15,6,Джонсън,Джонсън,джонсън,Hmsi,PROPN,I-PER,PER-Boris-Johnson,O
bg-1139,15,7,остава,,оставам,Vpiif-r3s,VERB,O,,B-ORG
bg-1139,15,8,фаворит,,фаворит,Ncmsi,NOUN,O,,B-ORG
bg-1139,15,9,за,,за,R,ADP,O,,B-ORG
bg-1139,15,10,премиерския,,премиерски,Amsh,ADJ,O,,B-ORG
bg-1139,15,11,пост,,пост,Ncmsi,NOUN,O,,B-ORG
bg-1139,15,12,",",,",",punct,PUNCT,O,,B-ORG
bg-1139,15,13,но,,но,Cc,CCONJ,O,,B-ORG
bg-1139,15,14,Рийс-Мог,Рийс-Мог,рийс-мог,Npmsi,PROPN,B-PER,PER-Jacob-Rees-Mogg,I-ORG
bg-1139,15,15,го,,аз,Ppetas3m,PRON,O,,B-ORG
bg-1139,15,16,следва,,следва,Vpitf-r3s,VERB,O,,B-ORG
bg-1139,15,17,с,,с,R,ADP,O,,B-ORG
bg-1139,15,18,малка,,малък,Afsi,ADJ,O,,B-ORG
bg-1139,15,19,разлика,,разлика,Ncfsi,NOUN,O,,B-ORG
bg-1139,15,20,.,,.,punct,PUNCT,O,,B-ORG
bg-1139,16,1,Допитването,,допитване,Ncnsd,NOUN,O,,B-ORG
bg-1139,16,2,показва,,показвам-(се),Vpitf-r3s,VERB,O,,B-ORG
bg-1139,16,3,",",,",",punct,PUNCT,O,,B-ORG
bg-1139,16,4,че,,че,Cs,SCONJ,O,,B-ORG
bg-1139,16,5,51,,51,Mc-pi,NUM,O,,B-ORG
bg-1139,16,6,процента,,процент,Ncmt,NOUN,O,,B-ORG
bg-1139,16,7,не,,не,Tn,PART,O,,B-ORG
bg-1139,16,8,одобряват,,одобрявам,Vpitf-r3p,VERB,O,,B-ORG
bg-1139,16,9,политиката,,политика,Ncfsd,NOUN,O,,B-ORG
bg-1139,16,10,на,,на,R,ADP,O,,B-ORG
bg-1139,16,11,Тереза,Тереза,тереза,Npfsi,PROPN,B-PER,PER-Theresa-May,I-ORG
bg-1139,16,12,Мей,Мей,мей,Hfsi,PROPN,I-PER,PER-Theresa-May,O
bg-1139,16,13,",",,",",punct,PUNCT,O,,B-ORG
bg-1139,16,14,а,,а,Cp,CCONJ,O,,B-ORG
bg-1139,16,15,само,,само,Dd,ADV,O,,B-ORG
bg-1139,16,16,33,,33,Mc-pi,NUM,O,,B-ORG
bg-1139,16,17,процента,,процент,Ncmt,NOUN,O,,B-ORG
bg-1139,16,18,я,,аз,Ppetas3f,PRON,O,,B-ORG
bg-1139,16,19,одобряват,,одобрявам,Vpitf-r3p,VERB,O,,B-ORG
bg-1139,16,20,.,,.,punct,PUNCT,O,,B-ORG
bg-1139,17,1,Междувременно,,междувременно,Dm,ADV,O,,B-ORG
bg-1139,17,2,двете,,два,Mcfpd,NUM,O,,B-ORG
bg-1139,17,3,крила,,крило,Ncnpi,NOUN,O,,B-ORG
bg-1139,17,4,на,,на,R,ADP,O,,B-ORG
bg-1139,17,5,консерваторите,консерватори,консерватор,Ncmpd,NOUN,B-PER,ORG-Conservative-and-Unionist-Party-UK,I-ORG
bg-1139,17,6,предупреждават,,предупреждавам,Vpitf-r3p,VERB,O,,B-ORG
bg-1139,17,7,за,,за,R,ADP,O,,B-ORG
bg-1139,17,8,вот,,вот,Ncmsi,NOUN,O,,B-ORG
bg-1139,17,9,на,,на,R,ADP,O,,B-ORG
bg-1139,17,10,недоверие,,недоверие,Ncnsi,NOUN,O,,B-ORG
bg-1139,17,11,заради,,заради,R,ADP,O,,B-ORG
bg-1139,17,12,непоследователността,,непоследователност,Ncfsd,NOUN,O,,B-ORG
bg-1139,17,13,на,,на,R,ADP,O,,B-ORG
bg-1139,17,14,действията,,действие,Ncnpd,NOUN,O,,B-ORG
bg-1139,17,15,й,,неин,Psot--3--f,PRON,O,,B-ORG
bg-1139,17,16,във,,във,R,ADP,O,,B-ORG
bg-1139,17,17,връзка,,връзка,Ncfsi,NOUN,O,,B-ORG
bg-1139,17,18,с,,с,R,ADP,O,,B-ORG
bg-1139,17,19,Брекзит,Брекзит,брекзит,Npfsi,PROPN,B-EVT,EVT-Brexit,B-EVT
bg-1139,17,20,и,,и,Cp,CCONJ,O,,B-ORG
bg-1139,17,21,неуспехите,,неуспех,Ncmpd,NOUN,O,,B-ORG
bg-1139,17,22,на,,на,R,ADP,O,,B-ORG
bg-1139,17,23,реформите,,реформа,Ncfpd,NOUN,O,,B-ORG
bg-1139,17,24,",",,",",punct,PUNCT,O,,B-ORG
bg-1139,17,25,които,,който,Pre-op,PRON,O,,B-ORG
bg-1139,17,26,започна,,започна,Vpptf-o3s,VERB,O,,B-ORG
bg-1139,17,27,.,,.,punct,PUNCT,O,,B-ORG
bg-1139,18,1,Някои,,някой,Pfe-op,PRON,O,,B-ORG
bg-1139,18,2,наричат,,наричам-(се),Vpitf-r3p,VERB,O,,B-ORG
bg-1139,18,3,Джейкъб,Джейкъб,джейкъб,Npmsi,PROPN,B-PER,PER-Jacob-Rees-Mogg,I-ORG
bg-1139,18,4,Рийс-Мог,Рийс-Мог,рийс-мог,Npss,PROPN,I-PER,PER-Jacob-Rees-Mogg,O
bg-1139,18,5,„представител,,„представител,Hmsi,PROPN,O,,B-ORG
bg-1139,18,6,на,,на,R,ADP,O,,B-ORG
bg-1139,18,7,18-ти,,егинадесети,Mo-pd,ADJ,O,,B-ORG
bg-1139,18,8,век“,,век,Ncmsi,NOUN,O,,B-ORG
bg-1139,18,9,заради,,заради,R,ADP,O,,B-ORG
bg-1139,18,10,старомодния,,старомоден,Amsh,ADJ,O,,B-ORG
bg-1139,18,11,му,,мой,Psot--3--m,PRON,O,,B-ORG
bg-1139,18,12,вид,,вид,Ncmsi,NOUN,O,,B-ORG
bg-1139,18,13,.,,.,punct,PUNCT,O,,B-ORG
bg-1139,19,1,Той,,аз,Ppe-os3m,PRON,O,,B-ORG
bg-1139,19,2,остава,,оставам,Vpiif-r3s,VERB,O,,B-ORG
bg-1139,19,3,непопулярен,,непопулярен,Amsi,ADJ,O,,B-ORG
bg-1139,19,4,сред,,сред,R,ADP,O,,B-ORG
bg-1139,19,5,жените,,жена,Ncfpd,NOUN,O,,B-ORG
bg-1139,19,6,и,,и,Cp,CCONJ,O,,B-ORG
bg-1139,19,7,по-младите,,млад,A-pd,ADJ,O,,B-ORG
bg-1139,19,8,избиратели,,избирател,Ncmpi,NOUN,O,,B-ORG
bg-1139,19,9,.,,.,punct,PUNCT,O,,B-ORG
bg-1139,20,1,Лондон,Лондон,лондон,Npmsi,PROPN,B-LOC,GPE-London,B-PER
bg-1139,20,2,.,,.,punct,PUNCT,O,,B-ORG
bg-1139,21,1,Министърът,,министър,Ncmsf,NOUN,O,,B-ORG
bg-1139,21,2,на,,на,R,ADP,O,,B-ORG
bg-1139,21,3,финансите,,финанси,Nc-ld,NOUN,O,,B-ORG
bg-1139,21,4,на,,на,R,ADP,O,,B-ORG
bg-1139,21,5,Великобритания,Великобритания,великобритания,Npfsi,PROPN,B-LOC,GPE-Great-Britain,B-PER
bg-1139,21,6,Филип,Филип,филип,Npmsi,PROPN,B-PER,PER-Philip-Hammond,I-ORG
bg-1139,21,7,Хамънд,Хамънд,хамънд,Hmsi,PROPN,I-PER,PER-Philip-Hammond,O
bg-1139,21,8,тръгва,,тръгвам-(си),Vpiif-r3s,VERB,O,,B-ORG
bg-1139,21,9,на,,на,R,ADP,O,,B-ORG
bg-1139,21,10,обиколка,,обиколка,Ncfsi,NOUN,O,,B-ORG
bg-1139,21,11,в,,в,R,ADP,O,,B-ORG
bg-1139,21,12,някои,,някой,Pfe-op,DET,O,,B-ORG
bg-1139,21,13,европейски,,европейски,A-pi,ADJ,O,,B-ORG
bg-1139,21,14,страни,,страна,Ncfpi,NOUN,O,,B-ORG
bg-1139,21,15,в,,в,R,ADP,O,,B-ORG
bg-1139,21,16,опит,,опит,Ncmsi,NOUN,O,,B-ORG
bg-1139,21,17,да,,да,Tx,AUX,O,,B-ORG
bg-1139,21,18,попречи,,попреча,Vppif-r3s,VERB,O,,B-ORG
bg-1139,21,19,на,,на,R,ADP,O,,B-ORG
bg-1139,21,20,Франция,Франция,франция,Npfsi,PROPN,B-LOC,GPE-France,B-PER
bg-1139,21,21,да,,да,Tx,AUX,O,,B-ORG
bg-1139,21,22,привлече,,привлека,Vpptf-r3s,VERB,O,,B-ORG
bg-1139,21,23,топ-банкерите,,тб-банкер,Ncmpd,NOUN,O,,B-ORG
bg-1139,21,24,от,,от,R,ADP,O,,B-ORG
bg-1139,21,25,Лондон,Лондон,лондон,Npmsi,PROPN,B-LOC,GPE-London,B-PER
bg-1139,21,26,след,,след,R,ADP,O,,B-ORG
bg-1139,21,27,напускането,,напускане,Ncnsd,NOUN,O,,B-ORG
bg-1139,21,28,на,,на,R,ADP,O,,B-ORG
bg-1139,21,29,Европейския,Европейски,европейски,Amsh,ADJ,B-ORG,ORG-European-Union,B-PRO
bg-1139,21,30,съюз,съюз,съюз,Ncmsi,NOUN,I-ORG,ORG-European-Union,I-PRO
bg-1139,21,31,",",,",",punct,PUNCT,O,,B-ORG
bg-1139,21,32,пише,,пиша,Vpitf-r3s,VERB,O,,B-ORG
bg-1139,21,33,британския,,британски,Amsh,ADJ,O,,B-ORG
bg-1139,21,34,вестник,,вестник,Ncmsi,NOUN,O,,B-ORG
bg-1139,21,35,Daily,Daily,daily,Npmsi,PROPN,B-PRO,PRO-Daily-Express,I-PER
bg-1139,21,36,Express,Express,express,Np,PROPN,I-PRO,PRO-Daily-Express,B-LOC
bg-1139,22,1,Той,,аз,Ppe-os3m,PRON,O,,B-ORG
bg-1139,22,2,ще,,ще,Tx,AUX,O,,B-ORG
bg-1139,22,3,посети,,посетя,Vpptf-r3s,VERB,O,,B-ORG
bg-1139,22,4,Швеция,Швеция,швеция,Npfsi,PROPN,B-LOC,GPE-Sweden,B-PER
bg-1139,22,5,",",,",",punct,PUNCT,O,,B-ORG
bg-1139,22,6,Холандия,Холандия,холандия,Npfsi,PROPN,B-LOC,GPE-Holland,B-PER
bg-1139,22,7,",",,",",punct,PUNCT,O,,B-ORG
bg-1139,22,8,Испания,Испания,испания,Npfsi,PROPN,B-LOC,GPE-Spain,B-PER
bg-1139,22,9,и,,и,Cp,CCONJ,O,,B-ORG
bg-1139,22,10,Португалия,Португалия,португалия,Npfsi,PROPN,B-LOC,GPE-Portugal,B-PER
bg-1139,22,11,",",,",",punct,PUNCT,O,,B-ORG
bg-1139,22,12,както,,както,Prm,ADV,O,,B-ORG
bg-1139,22,13,и,,и,Cp,CCONJ,O,,B-ORG
bg-1139,22,14,Норвегия,Норвегия,норвегия,Npfsi,PROPN,B-LOC,GPE-Norway,B-PER
bg-1139,22,15,",",,",",punct,PUNCT,O,,B-ORG
bg-1139,22,16,която,,който,Pre-os-f,PRON,O,,B-ORG
bg-1139,22,17,подържа,,подържам,Vpitf-r3s,VERB,O,,B-ORG
bg-1139,22,18,близки,,близък,A-pi,ADJ,O,,B-ORG
bg-1139,22,19,отношения,,отношение,Ncnpi,NOUN,O,,B-ORG
bg-1139,22,20,с,,с,R,ADP,O,,B-ORG
bg-1139,22,21,ЕС,ЕС,ес,Npmsi,PROPN,B-ORG,ORG-European-Union,B-PRO
bg-1139,22,22,",",,",",punct,PUNCT,O,,B-ORG
bg-1139,22,23,въпреки,,въпреки,R,ADP,O,,B-ORG
bg-1139,22,24,че,,че,Cs,SCONJ,O,,B-ORG
bg-1139,22,25,не,,не,Tn,PART,O,,B-ORG
bg-1139,22,26,е,,съм,Vxitf-r3s,AUX,O,,B-ORG
bg-1139,22,27,член,,член,Ncmsi,NOUN,O,,B-ORG
bg-1139,22,28,.,,.,punct,PUNCT,O,,B-ORG
bg-1139,23,1,Той,,аз,Ppe-os3m,PRON,O,,B-ORG
bg-1139,23,2,ще,,ще,Tx,AUX,O,,B-ORG
bg-1139,23,3,се,,се,Ppxta,PRON,O,,B-ORG
bg-1139,23,4,опита,,опитам-(се),Vpptf-r3s,VERB,O,,B-ORG
bg-1139,23,5,да,,да,Tx,AUX,O,,B-ORG
bg-1139,23,6,разблокира,,разблокирам,Vpptf-r3s,VERB,O,,B-ORG
bg-1139,23,7,преговорите,,преговори,Nc-ld,NOUN,O,,B-ORG
bg-1139,23,8,за,,за,R,ADP,O,,B-ORG
bg-1139,23,9,Брекзит,Брекзит,брекзит,Npfsi,PROPN,B-EVT,EVT-Brexit,B-EVT
bg-1139,23,10,",които",,който,Pfe-op,DET,O,,B-ORG
bg-1139,23,11,според,,според,R,ADP,O,,B-ORG
bg-1139,23,12,изданиетo,,издание,Ncnsd,NOUN,O,,B-ORG
bg-1139,23,13,се,,се,Ppxta,PRON,O,,B-ORG
bg-1139,23,14,блокират,,блокирам,Vpitf-r3p,VERB,O,,B-ORG
bg-1139,23,15,от,,от,R,ADP,O,,B-ORG
bg-1139,23,16,Франция,Франция,франция,Npfsi,PROPN,B-LOC,GPE-France,B-PER
bg-1139,23,17,",",,",",punct,PUNCT,O,,B-ORG
bg-1139,23,18,като,,като,Cs,SCONJ,O,,B-ORG
bg-1139,23,19,разговаря,,разговарям,Vpiif-r3s,VERB,O,,B-ORG
bg-1139,23,20,директно,,директно,Dm,ADV,O,,B-ORG
bg-1139,23,21,с,,с,R,ADP,O,,B-ORG
bg-1139,23,22,някои,,някой,Pfe-op,DET,O,,B-ORG
bg-1139,23,23,страни-членки,,страни-членка,Ncfpi,NOUN,O,,B-ORG
bg-1139,23,24,на,,на,R,ADP,O,,B-ORG
bg-1139,23,25,ЕС,ЕС,ес,Npmsi,PROPN,B-ORG,ORG-European-Union,B-PRO
bg-1139,23,26,.,,.,punct,PUNCT,O,,B-ORG
bg-1139,24,1,Франция,Франция,франция,Npfsi,PROPN,B-LOC,GPE-France,B-PER
bg-1139,24,2,има,,има,Vnitf-r3s,VERB,O,,B-ORG
bg-1139,24,3,планове,,план,Ncmpi,NOUN,O,,B-ORG
bg-1139,24,4,да,,да,Tx,AUX,O,,B-ORG
bg-1139,24,5,привлече,,привлека,Vpptf-r3s,VERB,O,,B-ORG
bg-1139,24,6,работещите,,работя,Vpitcar-p-d,ADJ,O,,B-ORG
bg-1139,24,7,в,,в,R,ADP,O,,B-ORG
bg-1139,24,8,Лондонското,Лондонското,лондонски,Ansd,ADJ,B-LOC,LOC-City-of-London,B-PER
bg-1139,25,1,Сити,Сити,сити,Npmsi,PROPN,I-LOC,LOC-City-of-London,I-EVT
bg-1139,25,2,след,,след,R,ADP,O,,B-ORG
bg-1139,25,3,Брекзити,Брекзит,брекзит,Ncfpi,NOUN,B-EVT,EVT-Brexit,B-EVT
bg-1139,25,4,и,,и,Cp,CCONJ,O,,B-ORG
bg-1139,25,5,да,,да,Tx,AUX,O,,B-ORG
bg-1139,25,6,превърне,,превърна-(се),Vpptf-r3s,VERB,O,,B-ORG
bg-1139,25,7,Париж,Париж,париж,Npmsi,PROPN,B-LOC,GPE-Paris,B-PER
bg-1139,25,8,е,,съм,Vxitf-r3s,AUX,O,,B-ORG
bg-1139,25,9,европейска,,европейски,Afsi,ADJ,O,,B-ORG
bg-1139,25,10,финансова,,финансов,Afsi,ADJ,O,,B-ORG
bg-1139,25,11,столица,,столица,Ncfsi,NOUN,O,,B-ORG
bg-1139,25,12,.,,.,punct,PUNCT,O,,B-ORG
bg-1139,26,1,В,,в,R,ADP,O,,B-ORG
bg-1139,26,2,Лондон,Лондон,лондон,Npmsi,PROPN,B-LOC,GPE-London,B-PER
bg-1139,26,3,са,,съм,Vxitf-r3p,AUX,O,,B-ORG
bg-1139,26,4,съсредоточени,,съсредоточа,Vpptcv--p-i,VERB,O,,B-ORG
bg-1139,26,5,между,,между,R,ADP,O,,B-ORG
bg-1139,26,6,40,,четиридесет,Mc-pi,NUM,O,,B-ORG
bg-1139,26,7,и,,и,Cp,CCONJ,O,,B-ORG
bg-1139,26,8,50,,петдесет,Mc-pi,NUM,O,,B-ORG
bg-1139,26,9,процента,,процент,Ncmt,NOUN,O,,B-ORG
bg-1139,26,10,от,,от,R,ADP,O,,B-ORG
bg-1139,26,11,финансовите,,финансов,A-pd,ADJ,O,,B-ORG
bg-1139,26,12,услуги,,услуга,Ncfpi,NOUN,O,,B-ORG
bg-1139,26,13,на,,на,R,ADP,O,,B-ORG
bg-1139,26,14,континента,,континент,Ncmsh,NOUN,O,,B-ORG
bg-1139,26,15,и,,и,Cp,CCONJ,O,,B-ORG
bg-1139,26,16,президентът,,президент,Ncmsf,NOUN,O,,B-ORG
bg-1139,26,17,на,,на,R,ADP,O,,B-ORG
bg-1139,26,18,Франция,Франция,франция,Npfsi,PROPN,B-LOC,GPE-France,B-PER
bg-1139,26,19,Еманюел,Еманюел,еманюел,Npmsi,PROPN,B-PER,PER-Emmanuel-Macron,I-ORG
bg-1139,26,20,Макрон,Макрон,макрон,Hmsi,PROPN,I-PER,PER-Emmanuel-Macron,O
bg-1139,26,21,се,,се,Ppxta,PRON,O,,B-ORG
bg-1139,26,22,стреми,,стремя-се,Vpitf-r3s,VERB,O,,B-ORG
bg-1139,26,23,да,,да,Tx,AUX,O,,B-ORG
bg-1139,26,24,ги,,аз,Ppetap3,PRON,O,,B-ORG
bg-1139,26,25,привлече,,привлека,Vpptf-r3s,VERB,O,,B-ORG
bg-1139,26,26,в,,в,R,ADP,O,,B-ORG
bg-1139,26,27,Париж,Париж,париж,Npmsi,PROPN,B-LOC,GPE-Paris,B-PER
bg-1139,26,28,.,,.,punct,PUNCT,O,,B-ORG
bg-1139,27,1,Франция,Франция,франция,Npfsi,PROPN,B-LOC,GPE-France,B-PER
bg-1139,27,2,повтаря,,повтарям,Vpitf-r3s,VERB,O,,B-ORG
bg-1139,27,3,",",,",",punct,PUNCT,O,,B-ORG
bg-1139,27,4,че,,че,Cs,SCONJ,O,,B-ORG
bg-1139,27,5,най-важното,,важен,Ansd,ADJ,O,,B-ORG
bg-1139,27,6,в,,в,R,ADP,O,,B-ORG
bg-1139,27,7,преговорите,,преговори,Nc-ld,NOUN,O,,B-ORG
bg-1139,27,8,за,,за,R,ADP,O,,B-ORG
bg-1139,27,9,Брекзит,Брекзит,брекзит,Npfsi,PROPN,B-EVT,EVT-Brexit,B-EVT
bg-1139,27,10,е,,съм,Vxitf-r3s,AUX,O,,B-ORG
bg-1139,27,11,да,,да,Tx,AUX,O,,B-ORG
bg-1139,27,12,се,,се,Ppxta,PRON,O,,B-ORG
bg-1139,27,13,запази,,запазя-(се),Vpptf-r3s,VERB,O,,B-ORG
bg-1139,27,14,единството,,единство,Ncnsd,NOUN,O,,B-ORG
bg-1139,27,15,на,,на,R,ADP,O,,B-ORG
bg-1139,27,16,27-те,,27-те,Mo-pd,ADJ,O,,B-ORG
bg-1139,27,17,страни,,страна,Ncfpi,NOUN,O,,B-ORG
bg-1139,27,18,членки,,членка,Ncfpi,NOUN,O,,B-ORG
bg-1139,27,19,и,,и,Cp,CCONJ,O,,B-ORG
bg-1139,27,20,британските,,британски,A-pd,ADJ,O,,B-ORG
bg-1139,27,21,дипломати,,дипломат,Ncmpi,NOUN,O,,B-ORG
bg-1139,27,22,да,,да,Tx,AUX,O,,B-ORG
bg-1139,27,23,контактуват,,контактувам,Vpiif-r3p,VERB,O,,B-ORG
bg-1139,27,24,само,,само,Dd,ADV,O,,B-ORG
bg-1139,27,25,с,,с,R,ADP,O,,B-ORG
bg-1139,27,26,Мишел,Мишел,мишел,Npmsi,PROPN,B-PER,PER-Michel-Barnier,I-ORG
bg-1139,27,27,Барние,Барние,барние,Hmsi,PROPN,I-PER,PER-Michel-Barnier,O
bg-1139,27,28,–,,–,punct,PUNCT,O,,B-ORG
bg-1139,27,29,главен,,главен,Amsi,ADJ,O,,B-ORG
bg-1139,27,30,преговарящ,,преговарям,Vpitcar-smi,ADJ,O,,B-ORG
bg-1139,27,31,от,,от,R,ADP,O,,B-ORG
bg-1139,27,32,страна,,страна,Ncfsi,NOUN,O,,B-ORG
bg-1139,27,33,на,,на,R,ADP,O,,B-ORG
bg-1139,27,34,ЕС,ЕС,ес,Npmsi,PROPN,B-ORG,ORG-European-Union,B-PRO
bg-1139,27,35,.,,.,punct,PUNCT,O,,B-ORG
bg-1139,28,1,Великобритания,Великобритания,великобритания,Npfsi,PROPN,B-LOC,GPE-Great-Britain,B-PER
bg-1139,28,2,готви,,готвя,Vpitf-r3s,VERB,O,,B-ORG
bg-1139,28,3,в,,в,R,ADP,O,,B-ORG
bg-1139,28,4,отговор,,отговор,Ncmsi,NOUN,O,,B-ORG
bg-1139,28,5,дипломатическа,,дипломатически,Afsi,ADJ,O,,B-ORG
bg-1139,28,6,офанзива,,офанзива,Ncfsi,NOUN,O,,B-ORG
bg-1139,28,7,.,,.,punct,PUNCT,O,,B-ORG
bg-1139,29,1,Министърът,,министър,Ncmsf,NOUN,O,,B-ORG
bg-1139,29,2,отговарящ,,отговарям,Vpitcar-smi,ADJ,O,,B-ORG
bg-1139,29,3,за,,за,R,ADP,O,,B-ORG
bg-1139,29,4,Брекзит,Брекзит,брекзит,Npfsi,PROPN,B-EVT,EVT-Brexit,B-EVT
bg-1139,29,5,Дейвид,Дейвид,дейвид,Npmsi,PROPN,B-PER,PER-David-Davis,I-ORG
bg-1139,29,6,Дейвис,Дейвис,дейвис,Hmsi,PROPN,I-PER,PER-David-Davis,O
bg-1139,29,7,също,,също,Dm,ADV,O,,B-ORG
bg-1139,29,8,ще,,ще,Tx,AUX,O,,B-ORG
bg-1139,29,9,посети,,посетя,Vpptf-r3s,VERB,O,,B-ORG
bg-1139,29,10,страни-членки,,страни-членка,Ncfpi,NOUN,O,,B-ORG
bg-1139,29,11,две,,два,Mcfpi,NUM,O,,B-ORG
bg-1139,29,12,седмици,,седмица,Ncfpi,NOUN,O,,B-ORG
bg-1139,29,13,преди,,преди,R,ADP,O,,B-ORG
bg-1139,29,14,Хамънд,Хамънд,хамънд,Npmsi,PROPN,B-PER,PER-Philip-Hammond,I-ORG
bg-1139,29,15,.,,.,punct,PUNCT,O,,B-ORG
bg-1139,30,1,Визитите,,визит,Ncmpd,NOUN,O,,B-ORG
bg-1139,30,2,на,,на,R,ADP,O,,B-ORG
bg-1139,30,3,Дейвис,Дейвис,дейвис,Hmsi,PROPN,B-PER,PER-David-Davis,I-ORG
bg-1139,30,4,и,,и,Cp,CCONJ,O,,B-ORG
bg-1139,30,5,Хамънд,Хамънд,хамънд,Npmsi,PROPN,B-PER,PER-Philip-Hammond,I-ORG
bg-1139,30,6,ще,,ще,Tx,AUX,O,,B-ORG
bg-1139,30,7,се,,се,Ppxta,PRON,O,,B-ORG
bg-1139,30,8,състоят,,състоя-се,Vpiif-r3p,VERB,O,,B-ORG
bg-1139,30,9,след,,след,R,ADP,O,,B-ORG
bg-1139,30,10,на,,на,R,ADP,O,,B-ORG
bg-1139,30,11,изказването,,изказване,Ncnsd,NOUN,O,,B-ORG
bg-1139,30,12,на,,на,R,ADP,O,,B-ORG
bg-1139,30,13,говорителя,,говорител,Ncmsh,NOUN,O,,B-ORG
bg-1139,30,14,на,,на,R,ADP,O,,B-ORG
bg-1139,30,15,френското,,френски,Ansd,ADJ,O,,B-ORG
bg-1139,30,16,правителство,,правителство,Ncnsi,NOUN,O,,B-ORG
bg-1139,30,17,",",,",",punct,PUNCT,O,,B-ORG
bg-1139,30,18,че,,че,Cs,SCONJ,O,,B-ORG
bg-1139,30,19,европейците,европейци,европеец,Ncmpd,NOUN,B-PER,LOC-Europe,I-ORG
bg-1139,30,20,трябва,,трябва,Vniif-r3s,VERB,O,,B-ORG
bg-1139,30,21,да,,да,Tx,AUX,O,,B-ORG
bg-1139,30,22,застанат,,застана,Vppif-r3p,VERB,O,,B-ORG
bg-1139,30,23,на,,на,R,ADP,O,,B-ORG
bg-1139,30,24,твърда,,твърд,Afsi,ADJ,O,,B-ORG
bg-1139,30,25,позиция,,позиция,Ncfsi,NOUN,O,,B-ORG
bg-1139,30,26,в,,в,R,ADP,O,,B-ORG
bg-1139,30,27,преговорите,,преговори,Nc-ld,NOUN,O,,B-ORG
bg-1139,30,28,за,,за,R,ADP,O,,B-ORG
bg-1139,30,29,Брекзит,Брекзит,брекзит,Npfsi,PROPN,B-EVT,EVT-Brexit,B-EVT
bg-1139,30,30,",",,",",punct,PUNCT,O,,B-ORG
bg-1139,30,31,без,,без,R,ADP,O,,B-ORG
bg-1139,30,32,да,,да,Tx,AUX,O,,B-ORG
bg-1139,30,33,искат,,искам,Vpitf-r3p,VERB,O,,B-ORG
bg-1139,30,34,да,,да,Tx,AUX,O,,B-ORG
bg-1139,30,35,наказват,,наказвам,Vpitf-r3p,VERB,O,,B-ORG
bg-1139,30,36,или,,или,Cp,CCONJ,O,,B-ORG
bg-1139,30,37,унижават,,унижавам-(се),Vpitf-r3p,VERB,O,,B-ORG
bg-1139,30,38,Лондон,Лондон,лондон,Npmsi,PROPN,B-LOC,GPE-London,B-PER
bg-1139,30,39,.,,.,punct,PUNCT,O,,B-ORG
bg-1139,31,1,©,,едум,Vpptz--2s,VERB,O,,B-ORG
bg-1139,31,2,2018,,2018,Mc-pi,NUM,O,,B-ORG
bg-1139,31,3,Всички,,всеки,Pce-op,DET,O,,B-ORG
bg-1139,31,4,права,,право,Ncnpi,NOUN,O,,B-ORG
bg-1139,31,5,запазени,,запазя-(се),Vpptcv--p-i,ADJ,O,,B-ORG
bg-1139,31,6,.,,.,punct,PUNCT,O,,B-ORG
bg-1139,32,1,Забранява,,забранявам,Vpitf-r3s,VERB,O,,B-ORG
bg-1139,32,2,се,,се,Ppxta,PRON,O,,B-ORG
bg-1139,32,3,възпроизвеждането,,възпроизвеждане,Ncnsd,NOUN,O,,B-ORG
bg-1139,32,4,изцяло,,изцяло,Dq,ADV,O,,B-ORG
bg-1139,32,5,или,,или,Cp,CCONJ,O,,B-ORG
bg-1139,32,6,отчасти,,отчаст,Ncnsi,NOUN,O,,B-ORG
bg-1139,32,7,на,,на,R,ADP,O,,B-ORG
bg-1139,32,8,материали,,материал,Ncmpi,NOUN,O,,B-ORG
bg-1139,32,9,и,,и,Cp,CCONJ,O,,B-ORG
bg-1139,32,10,публикации,,публикация,Ncfpi,NOUN,O,,B-ORG
bg-1139,32,11,без,,без,R,ADP,O,,B-ORG
bg-1139,32,12,предварителното,,предварителен,Ansd,ADJ,O,,B-ORG
bg-1139,32,13,съгласие,,съгласие,Ncnsi,NOUN,O,,B-ORG
bg-1139,32,14,на,,на,R,ADP,O,,B-ORG
bg-1139,32,15,Информационна,Информационна,информационен,Afsi,ADJ,B-ORG,ORG-Focus-News-Agency,B-PRO
bg-1139,32,16,агенция,агенция,агенция,Ncfsi,NOUN,I-ORG,ORG-Focus-News-Agency,I-PRO
bg-1139,32,17,"""",Фокус,"""",punct,PUNCT,I-ORG,ORG-Focus-News-Agency,I-PRO
bg-1139,32,18,Фокус,PAD,фокус,Npmsi,PROPN,I-ORG,ORG-Focus-News-Agency,I-PRO
bg-1139,32,19,"""",PAD,"""",punct,PUNCT,I-ORG,ORG-Focus-News-Agency,I-PRO
bg-1139,32,20,!,,!,punct,PUNCT,O,,B-ORG
