docId,sentenceId,tokenId,text,lemma,calcLemma,upos,xpos,ner,clID,calcNER
pl-416,0,1,Europoseł,Europoseł,Europoseł,subst:sg:nom:m1,PROPN,B-PER,ORG-European-Parlament,B-ORG
pl-416,0,2,:,,:,interp,PUNCT,O,,B-ORG
pl-416,0,3,fundusze,,fundusz,subst:pl:nom:m3,NOUN,O,,B-ORG
pl-416,0,4,unijne,,unijny,adj:pl:nom:m3:pos,ADJ,O,,B-ORG
pl-416,0,5,na,,na,prep:acc,ADP,O,,B-ORG
pl-416,0,6,badania,,badanie,subst:pl:acc:n:ncol,NOUN,O,,B-ORG
pl-416,0,7,naukowe,,naukowy,adj:pl:acc:n:pos,ADJ,O,,B-ORG
pl-416,0,8,i,,i,conj,CCONJ,O,,B-ORG
pl-416,0,9,innowacje,,innowacja,subst:pl:acc:f,NOUN,O,,B-ORG
pl-416,0,10,w,,w,prep:acc:nwok,ADP,O,,B-ORG
pl-416,0,11,90,,90,num:pl:acc:m3:rec,NUM,O,,B-ORG
pl-416,0,12,proc,,procent,brev:pun,X,O,,B-ORG
pl-416,0,13,.,,.,interp,PUNCT,O,,B-ORG
pl-416,0,14,do,,do,prep:gen,ADP,O,,B-ORG
pl-416,0,15,starej,,stary,adj:sg:gen:f:pos,ADJ,O,,B-ORG
pl-416,0,16,UE,UE,UE,subst:sg:gen:f,PROPN,B-ORG,ORG-European-Union,B-PRO
pl-416,1,1,Europoseł,Europoseł,Europoseł,subst:sg:nom:m1,PROPN,B-PER,ORG-European-Parlament,I-ORG
pl-416,1,2,wziął,,wziąć,praet:sg:m1:perf,VERB,O,,B-ORG
pl-416,1,3,udział,,udział,subst:sg:acc:m3,NOUN,O,,B-ORG
pl-416,1,4,w,,w,prep:loc:nwok,ADP,O,,B-ORG
pl-416,1,5,konferencji,,konferencja,subst:sg:loc:f,NOUN,O,,B-ORG
pl-416,1,6,na,,na,prep:acc,ADP,O,,B-ORG
pl-416,1,7,temat,,temat,subst:sg:acc:m3,NOUN,O,,B-ORG
pl-416,1,8,nowego,,nowy,adj:sg:gen:m3:pos,ADJ,O,,B-ORG
pl-416,1,9,budżetu,,budżet,subst:sg:gen:m3,NOUN,O,,B-ORG
pl-416,1,10,UE,UE,UE,subst:sg:gen:f,PROPN,B-ORG,ORG-European-Union,B-PRO
pl-416,1,11,na,,na,prep:acc,ADP,O,,B-ORG
pl-416,1,12,lata,,rok,subst:pl:acc:m3,NOUN,O,,B-ORG
pl-416,1,13,2021,,2021,dig,X,O,,B-ORG
pl-416,1,14,-,,-,interp,PUNCT,O,,B-ORG
pl-416,1,15,2027,,2027,dig,X,O,,B-ORG
pl-416,1,16,",",,",",interp,PUNCT,O,,B-ORG
pl-416,1,17,która,,który,adj:sg:nom:f:pos,DET,O,,B-ORG
pl-416,1,18,odbyła,,odbyć,praet:sg:f:perf,VERB,O,,B-ORG
pl-416,1,19,się,,się,part,PRON,O,,B-ORG
pl-416,1,20,w,,w,prep:loc:nwok,ADP,O,,B-ORG
pl-416,1,21,Sofii,Sofia,Sofia,subst:sg:loc:f,PROPN,B-LOC,GPE-Sofia,B-PER
pl-416,1,22,.,,.,interp,PUNCT,O,,B-ORG
pl-416,2,1,Odnosząc,,odnosić,pcon:imperf,VERB,O,,B-ORG
pl-416,2,2,się,,się,part,PRON,O,,B-ORG
pl-416,2,3,do,,do,prep:gen,ADP,O,,B-ORG
pl-416,2,4,propozycji,,propozycja,subst:sg:gen:f,NOUN,O,,B-ORG
pl-416,2,5,KE,KE,KE,subst:sg:gen:m3,PROPN,B-ORG,ORG-European-Commission,B-PRO
pl-416,2,6,ws,,wsies,brev:pun,X,O,,B-ORG
pl-416,2,7,.,,.,interp,PUNCT,O,,B-ORG
pl-416,2,8,kolejnego,,kolejny,adj:sg:gen:m3:pos,ADJ,O,,B-ORG
pl-416,2,9,budżetu,,budżet,subst:sg:gen:m3,NOUN,O,,B-ORG
pl-416,2,10,unijnego,,unijny,adj:sg:gen:m3:pos,ADJ,O,,B-ORG
pl-416,2,11,",",,",",interp,PUNCT,O,,B-ORG
pl-416,2,12,holenderski,,holenderski,adj:sg:nom:m1:pos,ADJ,O,,B-ORG
pl-416,2,13,eurodeputowany,,eurodeputować,adj:sg:nom:m1:pos,ADJ,O,,B-ORG
pl-416,2,14,zwrócił,,zwrócić,praet:sg:m1:perf,VERB,O,,B-ORG
pl-416,2,15,uwagę,,uwaga,subst:sg:acc:f,NOUN,O,,B-ORG
pl-416,2,16,",",,",",interp,PUNCT,O,,B-ORG
pl-416,2,17,że,,że,comp,SCONJ,O,,B-ORG
pl-416,2,18,"""",,"""",interp,PUNCT,O,,B-ORG
pl-416,2,19,Komisja,Komisja,komisja,subst:sg:nom:f,NOUN,B-ORG,ORG-European-Commission,B-PRO
pl-416,2,20,Europejska,Europejska,europejski,adj:sg:nom:f:pos,ADJ,I-ORG,ORG-European-Commission,I-PRO
pl-416,2,21,położyła,,położyć,praet:sg:f:perf,VERB,O,,B-ORG
pl-416,2,22,na,,na,prep:loc,ADP,O,,B-ORG
pl-416,2,23,stole,,stół,subst:sg:loc:m3,NOUN,O,,B-ORG
pl-416,2,24,największy,,duży,adj:sg:acc:m3:sup,ADJ,O,,B-ORG
pl-416,2,25,jak,,jak,comp,SCONJ,O,,B-ORG
pl-416,2,26,dotąd,,dotąd,adv,ADV,O,,B-ORG
pl-416,2,27,program,,program,subst:sg:nom:m3,NOUN,O,,B-ORG
pl-416,2,28,badawczo,,badawczy,adja,ADJ,O,,B-ORG
pl-416,2,29,-,,-,interp,PUNCT,O,,B-ORG
pl-416,2,30,innowacyjny,,innowacyjny,adj:sg:acc:m3:pos,ADJ,O,,B-ORG
pl-416,2,31,"""",,"""",interp,PUNCT,O,,B-ORG
pl-416,2,32,w,,w,prep:loc:nwok,ADP,O,,B-ORG
pl-416,2,33,wysokości,,wysokość,subst:sg:loc:f,NOUN,O,,B-ORG
pl-416,2,34,ok,,około,brev:pun,PART,O,,B-ORG
pl-416,2,35,.,,.,interp,PUNCT,O,,B-ORG
pl-416,2,36,100,,100,num:pl:gen:m3:congr,NUM,O,,B-ORG
pl-416,2,37,mld,,miliard,brev:npun,X,O,,B-ORG
pl-416,2,38,euro,,euro,subst:pl:gen:n:ncol,NOUN,O,,B-ORG
pl-416,2,39,.,,.,interp,PUNCT,O,,B-ORG
pl-416,3,1,Program,,program,subst:sg:nom:m3,NOUN,O,,B-ORG
pl-416,3,2,",",,",",interp,PUNCT,O,,B-ORG
pl-416,3,3,w,,w,prep:loc:nwok,ADP,O,,B-ORG
pl-416,3,4,ramach,,ramy,subst:pl:loc:n:pt,NOUN,O,,B-ORG
pl-416,3,5,którego,,który,adj:sg:gen:m3:pos,DET,O,,B-ORG
pl-416,3,6,będą,,być,bedzie:pl:ter:imperf,AUX,O,,B-ORG
pl-416,3,7,rozdzielane,,rozdzielać,ppas:pl:nom:m3:imperf:aff,ADJ,O,,B-ORG
pl-416,3,8,środki,,środki,subst:pl:nom:n:pt,NOUN,O,,B-ORG
pl-416,3,9,",",,",",interp,PUNCT,O,,B-ORG
pl-416,3,10,ma,,mieć,fin:sg:ter:imperf,VERB,O,,B-ORG
pl-416,3,11,się,,się,part,PRON,O,,B-ORG
pl-416,3,12,nazywać,,nazywać,inf:imperf,VERB,O,,B-ORG
pl-416,3,13,"""",,"""",interp,PUNCT,O,,B-ORG
pl-416,3,14,Horyzont,Horyzont,horyzont,subst:sg:nom:m3,NOUN,B-PRO,PRO-Horizon-Europe,I-PER
pl-416,3,15,Europa,Europa,Europa,subst:sg:nom:f,PROPN,I-PRO,PRO-Horizon-Europe,B-LOC
pl-416,3,16,"""",,"""",interp,PUNCT,O,,B-ORG
pl-416,3,17,.,,.,interp,PUNCT,O,,B-ORG
pl-416,4,1,"""",,"""",interp,PUNCT,O,,B-ORG
pl-416,4,2,To,,to,pred,AUX,O,,B-ORG
pl-416,4,3,jest,,być,fin:sg:ter:imperf,AUX,O,,B-ORG
pl-416,4,4,wymowny,,wymowny,adj:sg:nom:m3:pos,ADJ,O,,B-ORG
pl-416,4,5,znak,,znak,subst:sg:nom:m3,NOUN,O,,B-ORG
pl-416,4,6,",",,",",interp,PUNCT,O,,B-ORG
pl-416,4,7,ta,,ten,adj:sg:nom:f:pos,DET,O,,B-ORG
pl-416,4,8,polityka,,polityka,subst:sg:nom:f,NOUN,O,,B-ORG
pl-416,4,9,pokaże,,pokazać,fin:sg:ter:perf,VERB,O,,B-ORG
pl-416,4,10,",",,",",interp,PUNCT,O,,B-ORG
pl-416,4,11,że,,że,comp,SCONJ,O,,B-ORG
pl-416,4,12,pieniądze,,pieniądz,subst:pl:nom:m3,NOUN,O,,B-ORG
pl-416,4,13,w,,w,prep:acc:nwok,ADP,O,,B-ORG
pl-416,4,14,90,,90,num:pl:loc:m3:congr,NUM,O,,B-ORG
pl-416,4,15,proc,,procent,brev:pun,X,O,,B-ORG
pl-416,4,16,.,,.,interp,PUNCT,O,,B-ORG
pl-416,4,17,popłyną,,popłynąć,fin:pl:ter:perf,VERB,O,,B-ORG
pl-416,4,18,do,,do,prep:gen,ADP,O,,B-ORG
pl-416,4,19,starych,,stary,adj:pl:gen:n:pos,ADJ,O,,B-ORG
pl-416,4,20,państw,,państwo,subst:pl:gen:n:ncol,NOUN,O,,B-ORG
pl-416,4,21,członkowskich,,członkowski,adj:pl:gen:n:pos,ADJ,O,,B-ORG
pl-416,4,22,i,,i,conj,CCONJ,O,,B-ORG
pl-416,4,23,wyssie,,wysąąć,fin:pl:ter:imperf,VERB,O,,B-ORG
pl-416,4,24,to,,ten,adj:sg:acc:n:pos,DET,O,,B-ORG
pl-416,4,25,mnóstwo,,mnóstwo,subst:sg:acc:n:ncol,NOUN,O,,B-ORG
pl-416,4,26,+,,+,subst:sg:gen:m3,NOUN,O,,B-ORG
pl-416,4,27,młodych,,młody,adj:pl:gen:m3:pos,ADJ,O,,B-ORG
pl-416,4,28,mózgów,,mózg,subst:pl:gen:m3,NOUN,O,,B-ORG
pl-416,4,29,+,,+,subst:pl:gen:m3,NOUN,O,,B-ORG
pl-416,4,30,z,,z,prep:gen:nwok,ADP,O,,B-ORG
pl-416,4,31,Bułgarii,Bułgaria,Bułgaria,subst:sg:gen:f,PROPN,B-LOC,GPE-Bulgaria,B-PER
pl-416,4,32,",",,",",interp,PUNCT,O,,B-ORG
pl-416,4,33,z,,z,prep:gen:nwok,ADP,O,,B-ORG
pl-416,4,34,Rumunii,Rumunia,Rumunia,subst:sg:gen:f,PROPN,B-LOC,GPE-Romania,B-PER
pl-416,4,35,",",,",",interp,PUNCT,O,,B-ORG
pl-416,4,36,z,,z,prep:gen:nwok,ADP,O,,B-ORG
pl-416,4,37,innych,,inny,adj:pl:gen:m3:pos,ADJ,O,,B-ORG
pl-416,4,38,krajów,,kraj,subst:pl:gen:m3,NOUN,O,,B-ORG
pl-416,4,39,.,,.,interp,PUNCT,O,,B-ORG
pl-416,5,1,Czy,,czy,part,PART,O,,B-ORG
pl-416,5,2,to,,to,pred,AUX,O,,B-ORG
pl-416,5,3,jest,,być,fin:sg:ter:imperf,AUX,O,,B-ORG
pl-416,5,4,polityka,,polityka,subst:sg:nom:f,NOUN,O,,B-ORG
pl-416,5,5,spójności,,spójność,subst:sg:gen:f,NOUN,O,,B-ORG
pl-416,5,6,",",,",",interp,PUNCT,O,,B-ORG
pl-416,5,7,Europa,Europa,Europa,subst:sg:nom:f,PROPN,B-LOC,LOC-Europe,B-ORG
pl-416,5,8,solidarna,,solidarny,adj:sg:nom:f:pos,ADJ,O,,B-ORG
pl-416,5,9,?,,?,interp,PUNCT,O,,B-ORG
pl-416,5,10,"""",,"""",interp,PUNCT,O,,B-ORG
pl-416,5,11,–,,–,interp,PUNCT,O,,B-ORG
pl-416,5,12,mówił,,mówić,praet:sg:m1:imperf,VERB,O,,B-ORG
pl-416,5,13,van,van,van,subst:sg:nom:m1,PROPN,B-PER,PER-Lambert-van-Nistelrooij,I-ORG
pl-416,5,14,Nistelrooij,Nistelrooij,Nistelroo,subst:sg:nom:m1,PROPN,I-PER,PER-Lambert-van-Nistelrooij,I-ORG
pl-416,5,15,.,,.,interp,PUNCT,O,,B-ORG
pl-416,6,1,Dodał,,dodać,praet:sg:m1:perf,VERB,O,,B-ORG
pl-416,6,2,",",,",",interp,PUNCT,O,,B-ORG
pl-416,6,3,że,,że,comp,SCONJ,O,,B-ORG
pl-416,6,4,w,,w,prep:loc:nwok,ADP,O,,B-ORG
pl-416,6,5,propozycji,,propozycja,subst:sg:loc:f,NOUN,O,,B-ORG
pl-416,6,6,KE,KE,KE,subst:sg:gen:f,PROPN,B-ORG,ORG-European-Commission,B-PRO
pl-416,6,7,jest,,być,fin:sg:ter:imperf,VERB,O,,B-ORG
pl-416,6,8,"""",,"""",interp,PUNCT,O,,B-ORG
pl-416,6,9,mnóstwo,,mnóstwo,subst:sg:nom:n:ncol,NOUN,O,,B-ORG
pl-416,6,10,rzeczy,,rzecz,subst:pl:gen:f,NOUN,O,,B-ORG
pl-416,6,11,",",,",",interp,PUNCT,O,,B-ORG
pl-416,6,12,które,,który,adj:pl:nom:f:pos,DET,O,,B-ORG
pl-416,6,13,cieszą,,cieszyć,fin:pl:ter:imperf,VERB,O,,B-ORG
pl-416,6,14,"""",,"""",interp,PUNCT,O,,B-ORG
pl-416,6,15,.,,.,interp,PUNCT,O,,B-ORG
pl-416,7,1,Zaliczył,,zaliczyć,praet:sg:m1:perf,VERB,O,,B-ORG
pl-416,7,2,do,,do,prep:gen,ADP,O,,B-ORG
pl-416,7,3,nich,,on,ppron3:pl:gen:m1:ter:akc:praep,PRON,O,,B-ORG
pl-416,7,4,elastyczność,,elastyczność,subst:sg:acc:f,NOUN,O,,B-ORG
pl-416,7,5,",",,",",interp,PUNCT,O,,B-ORG
pl-416,7,6,uproszczenia,,uprościć,ger:sg:acc:n:perf:aff,NOUN,O,,B-ORG
pl-416,7,7,",",,",",interp,PUNCT,O,,B-ORG
pl-416,7,8,a,,a,conj,CCONJ,O,,B-ORG
pl-416,7,9,także,,także,part,PART,O,,B-ORG
pl-416,7,10,granty,,granta,subst:pl:acc:m3,NOUN,O,,B-ORG
pl-416,7,11,i,,i,conj,CCONJ,O,,B-ORG
pl-416,7,12,gwarancje,,gwarancja,subst:pl:acc:f,NOUN,O,,B-ORG
pl-416,7,13,.,,.,interp,PUNCT,O,,B-ORG
pl-416,8,1,Jak,,jak,adv:pos,ADV,O,,B-ORG
pl-416,8,2,zaznaczył,,zaznaczyć,praet:sg:m1:perf,VERB,O,,B-ORG
pl-416,8,3,Tomisław,Tomisław,Tomisław,subst:sg:nom:m1,PROPN,B-PER,PER-Tomisław-Donczew,I-ORG
pl-416,8,4,Donczew,Donczew,Donczew,subst:sg:nom:m1,PROPN,I-PER,PER-Tomisław-Donczew,O
pl-416,8,5,",",,",",interp,PUNCT,O,,B-ORG
pl-416,8,6,wicepremier,,wicepremier,subst:sg:nom:m1,NOUN,O,,B-ORG
pl-416,8,7,Bułgarii,Bułgaria,Bułgaria,subst:sg:gen:f,PROPN,B-LOC,GPE-Bulgaria,B-PER
pl-416,8,8,",",,",",interp,PUNCT,O,,B-ORG
pl-416,8,9,która,,który,adj:sg:nom:f:pos,DET,O,,B-ORG
pl-416,8,10,do,,do,prep:gen,ADP,O,,B-ORG
pl-416,8,11,końca,,koniec,subst:sg:gen:m3,NOUN,O,,B-ORG
pl-416,8,12,czerwca,,czerwiec,subst:sg:gen:m3,NOUN,O,,B-ORG
pl-416,8,13,sprawuje,,sprawować,fin:sg:ter:imperf,VERB,O,,B-ORG
pl-416,8,14,prezydencję,,prezydencja,subst:sg:acc:f,NOUN,O,,B-ORG
pl-416,8,15,w,,w,prep:loc:nwok,ADP,O,,B-ORG
pl-416,8,16,Radzie,Rada,rada,subst:sg:loc:f,NOUN,B-ORG,ORG-European-Council,B-PRO
pl-416,8,17,UE,UE,UE,subst:sg:gen:f,PROPN,I-ORG,ORG-European-Council,I-PRO
pl-416,8,18,",",,",",interp,PUNCT,O,,B-ORG
pl-416,8,19,walka,,walka,subst:sg:nom:f,NOUN,O,,B-ORG
pl-416,8,20,o,,o,prep:acc,ADP,O,,B-ORG
pl-416,8,21,dalszy,,daleki,adj:sg:acc:m3:com,ADJ,O,,B-ORG
pl-416,8,22,rozwój,,rozwój,subst:sg:acc:m3,NOUN,O,,B-ORG
pl-416,8,23,regionów,,region,subst:pl:gen:m3,NOUN,O,,B-ORG
pl-416,8,24,powinna,,powinien,winien:sg:f:imperf,VERB,O,,B-ORG
pl-416,8,25,trwać,,trwać,inf:imperf,VERB,O,,B-ORG
pl-416,8,26,.,,.,interp,PUNCT,O,,B-ORG
pl-416,9,1,"""",,"""",interp,PUNCT,O,,B-ORG
pl-416,9,2,Są,,być,fin:pl:ter:imperf,AUX,O,,B-ORG
pl-416,9,3,jeszcze,,jeszcze,part,PART,O,,B-ORG
pl-416,9,4,różnice,,różnica,subst:pl:nom:f,NOUN,O,,B-ORG
pl-416,9,5,w,,w,prep:loc:nwok,ADP,O,,B-ORG
pl-416,9,6,rozwoju,,rozwój,subst:sg:loc:m3,NOUN,O,,B-ORG
pl-416,9,7,poszczególnych,,poszczególny,adj:pl:gen:m3:pos,ADJ,O,,B-ORG
pl-416,9,8,regionów,,region,subst:pl:gen:m3,NOUN,O,,B-ORG
pl-416,9,9,",",,",",interp,PUNCT,O,,B-ORG
pl-416,9,10,czasem,,czas,subst:sg:inst:m3,NOUN,O,,B-ORG
pl-416,9,11,jest,,być,fin:sg:ter:imperf,AUX,O,,B-ORG
pl-416,9,12,to,,to,pred,AUX,O,,B-ORG
pl-416,9,13,10-krotność,,10-krotność,subst:sg:nom:f,NOUN,O,,B-ORG
pl-416,9,14,(,,(,interp,PUNCT,O,,B-ORG
pl-416,9,15,.,,.,interp,PUNCT,O,,B-ORG
pl-416,9,16,.,,.,interp,PUNCT,O,,B-ORG
pl-416,9,17,.,,.,interp,PUNCT,O,,B-ORG
pl-416,9,18,),,),interp,PUNCT,O,,B-ORG
pl-416,10,1,Jednocześnie,,jednocześnie,adv:pos,ADV,O,,B-ORG
pl-416,10,2,stoimy,,stać,fin:pl:pri:imperf,VERB,O,,B-ORG
pl-416,10,3,przed,,przed,prep:inst:nwok,ADP,O,,B-ORG
pl-416,10,4,wielkimi,,wielki,adj:pl:inst:m3:pos,ADJ,O,,B-ORG
pl-416,10,5,problemami,,problem,subst:pl:inst:m3,NOUN,O,,B-ORG
pl-416,10,6,",",,",",interp,PUNCT,O,,B-ORG
pl-416,10,7,jak,,jak,comp,SCONJ,O,,B-ORG
pl-416,10,8,Brexit,Brexit,brexit,subst:sg:nom:m3,NOUN,B-EVT,EVT-Brexit,B-EVT
pl-416,10,9,i,,i,conj,CCONJ,O,,B-ORG
pl-416,10,10,migracja,,migracja,subst:sg:nom:f,NOUN,O,,B-ORG
pl-416,10,11,.,,.,interp,PUNCT,O,,B-ORG
pl-416,11,1,Naprawdę,,naprawdę,part,PART,O,,B-ORG
pl-416,11,2,musimy,,musieć,fin:pl:pri:imperf,VERB,O,,B-ORG
pl-416,11,3,wzmocnić,,wzmocnić,inf:perf,VERB,O,,B-ORG
pl-416,11,4,nasze,,nasz,adj:pl:acc:n:pos,DET,O,,B-ORG
pl-416,11,5,starania,,staranie,subst:pl:acc:n:ncol,NOUN,O,,B-ORG
pl-416,11,6,na,,na,prep:acc,ADP,O,,B-ORG
pl-416,11,7,rzecz,,rzecz,subst:sg:acc:f,NOUN,O,,B-ORG
pl-416,11,8,wspólnej,,wspólny,adj:sg:gen:f:pos,ADJ,O,,B-ORG
pl-416,11,9,polityki,,polityka,subst:sg:gen:f,NOUN,O,,B-ORG
pl-416,11,10,bezpieczeństwa,,bezpieczeństwo,subst:sg:gen:n:ncol,NOUN,O,,B-ORG
pl-416,11,11,i,,i,conj,CCONJ,O,,B-ORG
pl-416,11,12,obrony,,obrona,subst:sg:gen:f,NOUN,O,,B-ORG
pl-416,11,13,"""",,"""",interp,PUNCT,O,,B-ORG
pl-416,11,14,-,,-,interp,PUNCT,O,,B-ORG
pl-416,11,15,zaznaczył,,zaznaczyć,praet:sg:m1:perf,VERB,O,,B-ORG
pl-416,11,16,.,,.,interp,PUNCT,O,,B-ORG
pl-416,12,1,Jak,,jak,adv:pos,ADV,O,,B-ORG
pl-416,12,2,ocenił,,ocenić,praet:sg:m1:perf,VERB,O,,B-ORG
pl-416,12,3,wicepremier,,wicepremier,subst:sg:nom:m1,NOUN,O,,B-ORG
pl-416,12,4,Bułgarii,Bułgaria,Bułgaria,subst:sg:gen:f,PROPN,B-LOC,GPE-Bulgaria,B-PER
pl-416,12,5,",",,",",interp,PUNCT,O,,B-ORG
pl-416,12,6,trzeba,,trzeba,pred,VERB,O,,B-ORG
pl-416,12,7,bronić,,bronić,inf:imperf,VERB,O,,B-ORG
pl-416,12,8,tego,,to,subst:sg:gen:n:ncol,PRON,O,,B-ORG
pl-416,12,9,",",,",",interp,PUNCT,O,,B-ORG
pl-416,12,10,co,,co,subst:sg:nom:n:ncol,PRON,O,,B-ORG
pl-416,12,11,dobrze,,dobrze,adv:pos,ADV,O,,B-ORG
pl-416,12,12,działa,,działać,fin:sg:ter:imperf,VERB,O,,B-ORG
pl-416,12,13,",",,",",interp,PUNCT,O,,B-ORG
pl-416,12,14,i,,i,conj,CCONJ,O,,B-ORG
pl-416,12,15,tam,,tam,adv,ADV,O,,B-ORG
pl-416,12,16,",",,",",interp,PUNCT,O,,B-ORG
pl-416,12,17,gdzie,,gdzie,adv,ADV,O,,B-ORG
pl-416,12,18,dobrze,,dobrze,adv:pos,ADV,O,,B-ORG
pl-416,12,19,działa,,działać,fin:sg:ter:imperf,VERB,O,,B-ORG
pl-416,12,20,",",,",",interp,PUNCT,O,,B-ORG
pl-416,12,21,ale,,ale,conj,CCONJ,O,,B-ORG
pl-416,12,22,to,,to,subst:sg:nom:n:ncol,PRON,O,,B-ORG
pl-416,12,23,nie,,nie,part,PART,O,,B-ORG
pl-416,12,24,wyklucza,,wykluczać,fin:sg:ter:imperf,VERB,O,,B-ORG
pl-416,12,25,reform,,reforma,subst:pl:gen:f,NOUN,O,,B-ORG
pl-416,12,26,.,,.,interp,PUNCT,O,,B-ORG
pl-416,13,1,"""",,"""",interp,PUNCT,O,,B-ORG
pl-416,13,2,Naprawdę,,naprawdę,part,PART,O,,B-ORG
pl-416,13,3,wierzę,,wierzyć,fin:sg:pri:imperf,VERB,O,,B-ORG
pl-416,13,4,",",,",",interp,PUNCT,O,,B-ORG
pl-416,13,5,że,,że,comp,SCONJ,O,,B-ORG
pl-416,13,6,gdybyśmy,,gdyby być,comp aglt:pl:pri:imperf:nwok,SCONJ AUX,O,,B-ORG
pl-416,13,8,nie,,nie,part,PART,O,,B-ORG
pl-416,13,9,mieli,,mieć,praet:pl:m1:imperf,VERB,O,,B-ORG
pl-416,13,10,historycznej,,historyczny,adj:sg:gen:f:pos,ADJ,O,,B-ORG
pl-416,13,11,polityki,,polityka,subst:sg:gen:f,NOUN,O,,B-ORG
pl-416,13,12,spójności,,spójność,subst:sg:gen:f,NOUN,O,,B-ORG
pl-416,13,13,",",,",",interp,PUNCT,O,,B-ORG
pl-416,13,14,to,,to,comp,SCONJ,O,,B-ORG
pl-416,13,15,nie,,nie,part,PART,O,,B-ORG
pl-416,13,16,mielibyśmy,,mieć by być,praet:pl:m1:imperf part aglt:pl:pri:imperf:nwok,VERB AUX AUX,O,,B-ORG
pl-416,13,19,też,,też,part,PART,O,,B-ORG
pl-416,13,20,tej,,ten,adj:sg:gen:f:pos,DET,O,,B-ORG
pl-416,13,21,Europy,Europa,Europa,subst:sg:gen:f,PROPN,B-LOC,LOC-Europe,B-PER
pl-416,13,22,",",,",",interp,PUNCT,O,,B-ORG
pl-416,13,23,którą,,który,adj:sg:acc:f:pos,DET,O,,B-ORG
pl-416,13,24,dzisiaj,,dzisiaj,adv,ADV,O,,B-ORG
pl-416,13,25,znamy,,znać,fin:pl:pri:imperf,VERB,O,,B-ORG
pl-416,13,26,.,,.,interp,PUNCT,O,,B-ORG
pl-416,14,1,Niech,,niech,part,AUX,O,,B-ORG
pl-416,14,2,to,,to,subst:sg:nom:n:ncol,PRON,O,,B-ORG
pl-416,14,3,będzie,,być,bedzie:sg:ter:imperf,AUX,O,,B-ORG
pl-416,14,4,częścią,,część,subst:sg:inst:f,NOUN,O,,B-ORG
pl-416,14,5,naszej,,nasz,adj:sg:gen:f:pos,DET,O,,B-ORG
pl-416,14,6,argumentacji,,argumentacja,subst:sg:gen:f,NOUN,O,,B-ORG
pl-416,14,7,",",,",",interp,PUNCT,O,,B-ORG
pl-416,14,8,w,,w,prep:loc:nwok,ADP,O,,B-ORG
pl-416,14,9,przeciwnym,,przeciwny,adj:sg:loc:m3:pos,ADJ,O,,B-ORG
pl-416,14,10,razie,,raz,subst:sg:loc:m3,NOUN,O,,B-ORG
pl-416,14,11,czeka,,czekać,fin:sg:ter:imperf,VERB,O,,B-ORG
pl-416,14,12,nas,,my,ppron12:pl:acc:m1:pri,PRON,O,,B-ORG
pl-416,14,13,jedynie,,jedynie,part,PART,O,,B-ORG
pl-416,14,14,podzielona,,podzielić,ppas:sg:nom:f:perf:aff,ADJ,O,,B-ORG
pl-416,14,15,Europa,Europa,Europa,subst:sg:nom:f,PROPN,B-LOC,LOC-Europe,B-PER
pl-416,14,16,",",,",",interp,PUNCT,O,,B-ORG
pl-416,14,17,a,,a,conj,CCONJ,O,,B-ORG
pl-416,14,18,nie,,nie,part,PART,O,,B-ORG
pl-416,14,19,zjednoczona,,zjednoczyć,ppas:sg:nom:f:perf:aff,ADJ,O,,B-ORG
pl-416,14,20,"""",,"""",interp,PUNCT,O,,B-ORG
pl-416,14,21,–,,–,interp,PUNCT,O,,B-ORG
pl-416,14,22,powiedział,,powiedzieć,praet:sg:m1:perf,VERB,O,,B-ORG
pl-416,14,23,.,,.,interp,PUNCT,O,,B-ORG
pl-416,15,1,Zdaniem,,zdanie,subst:sg:inst:n:ncol,NOUN,O,,B-ORG
pl-416,15,2,przewodniczącego,,przewodniczący,subst:sg:gen:m1,NOUN,O,,B-ORG
pl-416,15,3,Europejskiego,Europejski,europejski,adj:sg:gen:m3:pos,ADJ,B-ORG,ORG-CoR-European-Committee-of-the-Regions,B-PRO
pl-416,15,4,Komitetu,Komitet,komitet,subst:sg:gen:m3,NOUN,I-ORG,ORG-CoR-European-Committee-of-the-Regions,I-PRO
pl-416,15,5,Regionów,Regionów,region,subst:pl:gen:m3,NOUN,I-ORG,ORG-CoR-European-Committee-of-the-Regions,I-PRO
pl-416,15,6,Karla,Karl,Karl,subst:sg:gen:m1,PROPN,B-PER,PER-Karl-Heinz-Lambertz,I-ORG
pl-416,15,7,-,-,-,interp,PUNCT,I-PER,PER-Karl-Heinz-Lambertz,I-ORG
pl-416,15,8,Heinza,Heinz,Heinz,subst:sg:gen:m1,PROPN,I-PER,PER-Karl-Heinz-Lambertz,I-ORG
pl-416,15,9,Lambertza,Lambertz,Lambertz,subst:sg:gen:m1,PROPN,I-PER,PER-Karl-Heinz-Lambertz,O
pl-416,15,10,obecnie,,obecnie,adv:pos,ADV,O,,B-ORG
pl-416,15,11,negocjowane,,negocjować,ppas:pl:nom:n:imperf:aff,ADJ,O,,B-ORG
pl-416,15,12,wieloletnie,,wieloletni,adj:pl:nom:n:pos,ADJ,O,,B-ORG
pl-416,15,13,ramy,,ramy,subst:pl:nom:n:pt,NOUN,O,,B-ORG
pl-416,15,14,finansowe,,finansowy,adj:pl:nom:n:pos,ADJ,O,,B-ORG
pl-416,15,15,"""",,"""",interp,PUNCT,O,,B-ORG
pl-416,15,16,przesądzą,,przesądzić,fin:pl:ter:perf,VERB,O,,B-ORG
pl-416,15,17,o,,o,prep:loc,ADP,O,,B-ORG
pl-416,15,18,przyszłości,,przyszłość,subst:sg:loc:f,NOUN,O,,B-ORG
pl-416,15,19,Europy,Europa,Europa,subst:sg:gen:f,PROPN,B-LOC,LOC-Europe,B-PER
pl-416,15,20,"""",,"""",interp,PUNCT,O,,B-ORG
pl-416,15,21,.,,.,interp,PUNCT,O,,B-ORG
pl-416,16,1,"""",,"""",interp,PUNCT,O,,B-ORG
pl-416,16,2,Wpłynie,,wpłynąć,fin:sg:ter:perf,VERB,O,,B-ORG
pl-416,16,3,to,,to,subst:sg:nom:n:ncol,PRON,O,,B-ORG
pl-416,16,4,na,,na,prep:acc,ADP,O,,B-ORG
pl-416,16,5,życie,,życie,subst:sg:acc:n:ncol,NOUN,O,,B-ORG
pl-416,16,6,codzienne,,codzienny,adj:pl:acc:m3:pos,ADJ,O,,B-ORG
pl-416,16,7,milionów,,milion,subst:pl:gen:m3,NOUN,O,,B-ORG
pl-416,16,8,obywateli,,obywatel,subst:pl:gen:m1,NOUN,O,,B-ORG
pl-416,16,9,"""",,"""",interp,PUNCT,O,,B-ORG
pl-416,16,10,–,,–,interp,PUNCT,O,,B-ORG
pl-416,16,11,wskazywał,,wskazywać,praet:sg:m1:imperf,VERB,O,,B-ORG
pl-416,16,12,Lambertz,Lambertz,Lambertz,subst:sg:nom:m1,PROPN,B-PER,PER-Karl-Heinz-Lambertz,I-ORG
pl-416,16,13,.,,.,interp,PUNCT,O,,B-ORG
pl-416,17,1,Belg,Belg,Belg,subst:sg:nom:m1,PROPN,B-PER,GPE-Belgium,I-ORG
pl-416,17,2,przytoczył,,przytoczyć,praet:sg:m1:perf,VERB,O,,B-ORG
pl-416,17,3,wyliczenia,,wyliczyć,subst:pl:acc:n:ncol,NOUN,O,,B-ORG
pl-416,17,4,Komitetu,Komitet,komitet,subst:sg:gen:m3,NOUN,B-ORG,ORG-CoR-European-Committee-of-the-Regions,B-PRO
pl-416,17,5,Regionów,Regionów,region,subst:pl:gen:m3,NOUN,I-ORG,ORG-CoR-European-Committee-of-the-Regions,I-PRO
pl-416,17,6,",",,",",interp,PUNCT,O,,B-ORG
pl-416,17,7,według,,według,prep:gen,ADP,O,,B-ORG
pl-416,17,8,których,,który,adj:pl:gen:m3:pos,DET,O,,B-ORG
pl-416,17,9,nakłady,,nakład,subst:pl:nom:m3,NOUN,O,,B-ORG
pl-416,17,10,na,,na,prep:acc,ADP,O,,B-ORG
pl-416,17,11,spójność,,spójność,subst:sg:acc:f,NOUN,O,,B-ORG
pl-416,17,12,w,,w,prep:loc:nwok,ADP,O,,B-ORG
pl-416,17,13,przyszłym,,przyszły,adj:sg:loc:m3:pos,ADJ,O,,B-ORG
pl-416,17,14,budżecie,,budżet,subst:sg:loc:m3,NOUN,O,,B-ORG
pl-416,17,15,spadną,,spaść,fin:pl:ter:perf,VERB,O,,B-ORG
pl-416,17,16,o,,o,prep:acc,ADP,O,,B-ORG
pl-416,17,17,10,,10,num:pl:acc:m3:rec,NUM,O,,B-ORG
pl-416,17,18,proc,,procent,brev:pun,X,O,,B-ORG
pl-416,17,19,.,,.,interp,PUNCT,O,,B-ORG
pl-416,17,20,",",,",",interp,PUNCT,O,,B-ORG
pl-416,17,21,na,,na,prep:acc,ADP,O,,B-ORG
pl-416,17,22,politykę,,polityka,subst:sg:acc:f,NOUN,O,,B-ORG
pl-416,17,23,rolną,,rolny,adj:sg:acc:f:pos,ADJ,O,,B-ORG
pl-416,17,24,o,,o,prep:acc,ADP,O,,B-ORG
pl-416,17,25,15,,15,num:pl:acc:m3:rec,NUM,O,,B-ORG
pl-416,17,26,proc,,procent,brev:pun,X,O,,B-ORG
pl-416,17,27,.,,.,interp,PUNCT,O,,B-ORG
pl-416,17,28,",",,",",interp,PUNCT,O,,B-ORG
pl-416,17,29,w,,w,prep:loc:nwok,ADP,O,,B-ORG
pl-416,17,30,tym,,to,subst:sg:loc:n:ncol,PRON,O,,B-ORG
pl-416,17,31,o,,o,prep:acc,ADP,O,,B-ORG
pl-416,17,32,27,,27,num:pl:acc:m3:rec,NUM,O,,B-ORG
pl-416,17,33,proc,,procent,brev:pun,X,O,,B-ORG
pl-416,17,34,.,,.,interp,PUNCT,O,,B-ORG
pl-416,17,35,na,,na,prep:acc,ADP,O,,B-ORG
pl-416,17,36,filar,,filar,subst:sg:acc:m3,NOUN,O,,B-ORG
pl-416,17,37,rozwoju,,rozwój,subst:sg:gen:m3,NOUN,O,,B-ORG
pl-416,17,38,obszarów,,obszar,subst:pl:gen:m3,NOUN,O,,B-ORG
pl-416,17,39,wiejskich,,wiejski,adj:pl:gen:m3:pos,ADJ,O,,B-ORG
pl-416,17,40,.,,.,interp,PUNCT,O,,B-ORG
pl-416,18,1,"""",,"""",interp,PUNCT,O,,B-ORG
pl-416,18,2,To,,to,pred,AUX,O,,B-ORG
pl-416,18,3,bardzo,,bardzo,adv:pos,ADV,O,,B-ORG
pl-416,18,4,zła,,zły,adj:sg:nom:f:pos,ADJ,O,,B-ORG
pl-416,18,5,wiadomość,,wiadomość,subst:sg:nom:f,NOUN,O,,B-ORG
pl-416,18,6,dla,,dla,prep:gen,ADP,O,,B-ORG
pl-416,18,7,miast,,miasto,subst:pl:gen:n:ncol,NOUN,O,,B-ORG
pl-416,18,8,",",,",",interp,PUNCT,O,,B-ORG
pl-416,18,9,regionów,,region,subst:pl:gen:m3,NOUN,O,,B-ORG
pl-416,18,10,i,,i,conj,CCONJ,O,,B-ORG
pl-416,18,11,wsi,,wieś,subst:pl:gen:f,NOUN,O,,B-ORG
pl-416,18,12,"""",,"""",interp,PUNCT,O,,B-ORG
pl-416,18,13,–,,–,interp,PUNCT,O,,B-ORG
pl-416,18,14,powiedział,,powiedzieć,praet:sg:m1:perf,VERB,O,,B-ORG
pl-416,18,15,.,,.,interp,PUNCT,O,,B-ORG
pl-416,19,1,Isabelle,Isabelle,Isabelle,subst:sg:nom:f,PROPN,B-PER,PER-Isabelle-Boudineau,I-ORG
pl-416,19,2,Boudineau,Boudineau,Boudinex,subst:sg:nom:f,PROPN,I-PER,PER-Isabelle-Boudineau,O
pl-416,19,3,",",,",",interp,PUNCT,O,,B-ORG
pl-416,19,4,która,,który,adj:sg:nom:f:pos,DET,O,,B-ORG
pl-416,19,5,w,,w,prep:loc:nwok,ADP,O,,B-ORG
pl-416,19,6,Komitecie,Komitet,komitet,subst:sg:loc:m3,NOUN,B-ORG,ORG-CoR-European-Committee-of-the-Regions,B-PRO
pl-416,19,7,Regionów,Regionów,region,subst:pl:gen:m3,NOUN,I-ORG,ORG-CoR-European-Committee-of-the-Regions,I-PRO
pl-416,19,8,przewodniczy,,przewodniczyć,fin:sg:ter:imperf,VERB,O,,B-ORG
pl-416,19,9,pracom,,praca,subst:pl:dat:f,NOUN,O,,B-ORG
pl-416,19,10,grupy,,grupa,subst:sg:gen:f,NOUN,O,,B-ORG
pl-416,19,11,roboczej,,roboczy,adj:sg:gen:f:pos,ADJ,O,,B-ORG
pl-416,19,12,ds,,do spraw,brev:pun,X,O,,B-ORG
pl-416,19,13,.,,.,interp,PUNCT,O,,B-ORG
pl-416,19,14,budżetu,,budżet,subst:sg:gen:m3,NOUN,O,,B-ORG
pl-416,19,15,UE,UE,UE,subst:sg:gen:f,PROPN,B-ORG,ORG-European-Union,B-PRO
pl-416,19,16,",",,",",interp,PUNCT,O,,B-ORG
pl-416,19,17,uznała,,uznać,praet:sg:f:perf,VERB,O,,B-ORG
pl-416,19,18,",",,",",interp,PUNCT,O,,B-ORG
pl-416,19,19,że,,że,comp,SCONJ,O,,B-ORG
pl-416,19,20,"""",,"""",interp,PUNCT,O,,B-ORG
pl-416,19,21,stoimy,,stać,fin:pl:pri:imperf,VERB,O,,B-ORG
pl-416,19,22,na,,na,prep:loc,ADP,O,,B-ORG
pl-416,19,23,rozdrożu,,rozdroże,subst:sg:loc:n:ncol,NOUN,O,,B-ORG
pl-416,19,24,"""",,"""",interp,PUNCT,O,,B-ORG
pl-416,19,25,w,,w,prep:loc:nwok,ADP,O,,B-ORG
pl-416,19,26,kontekście,,kontekst,subst:sg:loc:m3,NOUN,O,,B-ORG
pl-416,19,27,Brexitu,Brexit,Brexit,subst:sg:gen:m3,PROPN,B-EVT,EVT-Brexit,B-EVT
pl-416,19,28,",",,",",interp,PUNCT,O,,B-ORG
pl-416,19,29,ale,,ale,conj,CCONJ,O,,B-ORG
pl-416,19,30,także,,także,part,PART,O,,B-ORG
pl-416,19,31,szerzącego,,szerzyć,pact:sg:gen:m3:imperf:aff,ADJ,O,,B-ORG
pl-416,19,32,się,,się,part,PRON,O,,B-ORG
pl-416,19,33,w,,w,prep:loc:nwok,ADP,O,,B-ORG
pl-416,19,34,Europie,Europa,Europa,subst:sg:loc:f,PROPN,B-LOC,LOC-Europe,B-PER
pl-416,19,35,populizmu,,populizm,subst:sg:gen:m3,NOUN,O,,B-ORG
pl-416,19,36,i,,i,conj,CCONJ,O,,B-ORG
pl-416,19,37,nacjonalizmu,,nacjonalizm,subst:sg:gen:m3,NOUN,O,,B-ORG
pl-416,19,38,.,,.,interp,PUNCT,O,,B-ORG
pl-416,20,1,Według,,według,prep:gen,ADP,O,,B-ORG
pl-416,20,2,niej,,on,ppron3:sg:gen:f:ter:akc:praep,PRON,O,,B-ORG
pl-416,20,3,kolejny,,kolejny,adj:sg:nom:m3:pos,ADJ,O,,B-ORG
pl-416,20,4,budżet,,budżet,subst:sg:nom:m3,NOUN,O,,B-ORG
pl-416,20,5,UE,UE,UE,subst:sg:gen:f,PROPN,B-ORG,ORG-European-Union,B-PRO
pl-416,20,6,musi,,musieć,fin:sg:ter:imperf,VERB,O,,B-ORG
pl-416,20,7,sprostać,,sprostać,inf:perf,VERB,O,,B-ORG
pl-416,20,8,wyzwaniom,,wyzwanie,subst:pl:dat:n:ncol,NOUN,O,,B-ORG
pl-416,20,9,",",,",",interp,PUNCT,O,,B-ORG
pl-416,20,10,przed,,przed,prep:inst:nwok,ADP,O,,B-ORG
pl-416,20,11,którymi,,który,adj:pl:inst:n:pos,DET,O,,B-ORG
pl-416,20,12,stoi,,stać,fin:sg:ter:imperf,VERB,O,,B-ORG
pl-416,20,13,UE,UE,UE,subst:sg:nom:f,PROPN,B-ORG,ORG-European-Union,B-PRO
pl-416,20,14,",",,",",interp,PUNCT,O,,B-ORG
pl-416,20,15,takim,,taki,adj:sg:inst:n:pos,DET,O,,B-ORG
pl-416,20,16,jak,,jak,comp,SCONJ,O,,B-ORG
pl-416,20,17,zmiany,,zmiana,subst:pl:nom:f,NOUN,O,,B-ORG
pl-416,20,18,klimatyczne,,klimatyczny,adj:pl:nom:f:pos,ADJ,O,,B-ORG
pl-416,20,19,czy,,czy,conj,CCONJ,O,,B-ORG
pl-416,20,20,migracje,,migracja,subst:pl:nom:f,NOUN,O,,B-ORG
pl-416,20,21,.,,.,interp,PUNCT,O,,B-ORG
pl-416,21,1,"""",,"""",interp,PUNCT,O,,B-ORG
pl-416,21,2,Ludzie,,człowiek,subst:pl:nom:m1,NOUN,O,,B-ORG
pl-416,21,3,",",,",",interp,PUNCT,O,,B-ORG
pl-416,21,4,którzy,,który,adj:pl:nom:m1:pos,DET,O,,B-ORG
pl-416,21,5,uciekają,,uciekać,fin:pl:ter:imperf,VERB,O,,B-ORG
pl-416,21,6,przed,,przed,prep:inst:nwok,ADP,O,,B-ORG
pl-416,21,7,wojną,,wojna,subst:sg:inst:f,NOUN,O,,B-ORG
pl-416,21,8,",",,",",interp,PUNCT,O,,B-ORG
pl-416,21,9,zasługują,,zasługiwać,fin:pl:ter:imperf,VERB,O,,B-ORG
pl-416,21,10,na,,na,prep:acc,ADP,O,,B-ORG
pl-416,21,11,nasze,,nasz,adj:sg:acc:n:pos,DET,O,,B-ORG
pl-416,21,12,wsparcie,,wsparcie,subst:sg:acc:n:ncol,NOUN,O,,B-ORG
pl-416,21,13,"""",,"""",interp,PUNCT,O,,B-ORG
pl-416,21,14,–,,–,interp,PUNCT,O,,B-ORG
pl-416,21,15,podkreśliła,,podkreślić,praet:sg:f:perf,VERB,O,,B-ORG
pl-416,21,16,.,,.,interp,PUNCT,O,,B-ORG
pl-416,22,1,Zwróciła,,zwrócić,praet:sg:f:perf,VERB,O,,B-ORG
pl-416,22,2,przy,,przy,prep:loc,ADP,O,,B-ORG
pl-416,22,3,tym,,to,subst:sg:loc:n:ncol,PRON,O,,B-ORG
pl-416,22,4,uwagę,,uwaga,subst:sg:acc:f,NOUN,O,,B-ORG
pl-416,22,5,na,,na,prep:acc,ADP,O,,B-ORG
pl-416,22,6,istotną,,istotny,adj:sg:acc:f:pos,ADJ,O,,B-ORG
pl-416,22,7,rolę,,rola,subst:sg:acc:f,NOUN,O,,B-ORG
pl-416,22,8,",",,",",interp,PUNCT,O,,B-ORG
pl-416,22,9,jaką,,jaki,adj:sg:acc:f:pos,DET,O,,B-ORG
pl-416,22,10,w,,w,prep:loc:nwok,ADP,O,,B-ORG
pl-416,22,11,UE,UE,UE,subst:sg:loc:f,PROPN,B-ORG,ORG-European-Union,B-PRO
pl-416,22,12,odgrywa,,odgrywać,fin:sg:ter:imperf,VERB,O,,B-ORG
pl-416,22,13,polityka,,polityka,subst:sg:nom:f,NOUN,O,,B-ORG
pl-416,22,14,spójności,,spójność,subst:sg:gen:f,NOUN,O,,B-ORG
pl-416,22,15,",",,",",interp,PUNCT,O,,B-ORG
pl-416,22,16,która,,który,adj:sg:nom:f:pos,DET,O,,B-ORG
pl-416,22,17,ma,,mieć,fin:sg:ter:imperf,VERB,O,,B-ORG
pl-416,22,18,za,,za,prep:acc,ADP,O,,B-ORG
pl-416,22,19,zadanie,,zadanie,subst:sg:acc:n:ncol,NOUN,O,,B-ORG
pl-416,22,20,zmniejszać,,zmniejszać,inf:imperf,VERB,O,,B-ORG
pl-416,22,21,dysproporcje,,dysproporcja,subst:pl:acc:f,NOUN,O,,B-ORG
pl-416,22,22,między,,między,prep:inst,ADP,O,,B-ORG
pl-416,22,23,regionami,,region,subst:pl:inst:m3,NOUN,O,,B-ORG
pl-416,22,24,i,,i,conj,CCONJ,O,,B-ORG
pl-416,22,25,przeciwdziałać,,przeciwdziałać,inf:imperf,VERB,O,,B-ORG
pl-416,22,26,zacofaniu,,zacofanie,ger:sg:dat:n:perf:aff,NOUN,O,,B-ORG
pl-416,22,27,regionów,,region,subst:pl:gen:m3,NOUN,O,,B-ORG
pl-416,22,28,będących,,być,pact:pl:gen:m3:imperf:aff,ADJ,O,,B-ORG
pl-416,22,29,w,,w,prep:loc:nwok,ADP,O,,B-ORG
pl-416,22,30,niekorzystnej,,niekorzystny,adj:sg:loc:f:pos,ADJ,O,,B-ORG
pl-416,22,31,sytuacji,,sytuacja,subst:sg:loc:f,NOUN,O,,B-ORG
pl-416,22,32,.,,.,interp,PUNCT,O,,B-ORG
pl-416,23,1,"""",,"""",interp,PUNCT,O,,B-ORG
pl-416,23,2,Polityka,,polityka,subst:sg:nom:f,NOUN,O,,B-ORG
pl-416,23,3,spójności,,spójność,subst:sg:gen:f,NOUN,O,,B-ORG
pl-416,23,4,pomagała,,pomagać,praet:sg:f:imperf,VERB,O,,B-ORG
pl-416,23,5,uchronić,,uchronić,inf:perf,VERB,O,,B-ORG
pl-416,23,6,Unię,Unia,unia,subst:sg:acc:f,NOUN,B-ORG,ORG-European-Union,B-ORG
pl-416,23,7,",",,",",interp,PUNCT,O,,B-ORG
pl-416,23,8,by,,by,comp,SCONJ,O,,B-ORG
pl-416,23,9,nie,,nie,part,PART,O,,B-ORG
pl-416,23,10,rozsadziła,,rozsadzić,praet:sg:f:perf,VERB,O,,B-ORG
pl-416,23,11,się,,się,part,PRON,O,,B-ORG
pl-416,23,12,od,,od,prep:gen:nwok,ADP,O,,B-ORG
pl-416,23,13,wewnątrz,,wewnątrz,prep:gen,ADP,O,,B-ORG
pl-416,23,14,ideą,,idea,subst:sg:inst:f,NOUN,O,,B-ORG
pl-416,23,15,populizmu,,populizm,subst:sg:gen:m3,NOUN,O,,B-ORG
pl-416,23,16,",",,",",interp,PUNCT,O,,B-ORG
pl-416,23,17,wynikającą,,wynikać,pact:sg:acc:f:imperf:aff,ADJ,O,,B-ORG
pl-416,23,18,z,,z,prep:gen:nwok,ADP,O,,B-ORG
pl-416,23,19,nierówności,,nierówność,subst:pl:gen:f,NOUN,O,,B-ORG
pl-416,23,20,społecznych,,społeczny,adj:pl:gen:f:pos,ADJ,O,,B-ORG
pl-416,23,21,"""",,"""",interp,PUNCT,O,,B-ORG
pl-416,23,22,–,,–,interp,PUNCT,O,,B-ORG
pl-416,23,23,zauważyła,,zauważyć,praet:sg:f:perf,VERB,O,,B-ORG
pl-416,23,24,Boudineau,Boudineau,Boudinex,subst:sg:nom:m1,PROPN,B-PER,PER-Isabelle-Boudineau,I-ORG
pl-416,23,25,.,,.,interp,PUNCT,O,,B-ORG
pl-416,24,1,Uczestniczący,,uczestniczyć,pact:sg:nom:m1:imperf:aff,ADJ,O,,B-ORG
pl-416,24,2,w,,w,prep:loc:nwok,ADP,O,,B-ORG
pl-416,24,3,konferencji,,konferencja,subst:sg:loc:f,NOUN,O,,B-ORG
pl-416,24,4,marszałek,,marszałek,subst:sg:nom:m1,NOUN,O,,B-ORG
pl-416,24,5,województwa,,województwo,subst:sg:gen:n:ncol,NOUN,O,,B-ORG
pl-416,24,6,wielkopolskiego,wielkopolskie,wielkopolski,adj:sg:gen:n:pos,ADJ,B-LOC,GPE-Poland-Greater-Poland-Voivodeship,B-ORG
pl-416,24,7,Marek,Marek,Marek,subst:sg:nom:m1,PROPN,B-PER,PER-Marek-Woźniak,I-ORG
pl-416,24,8,Woźniak,Woźniak,Woźniak,subst:sg:nom:m1,PROPN,I-PER,PER-Marek-Woźniak,O
pl-416,24,9,powiedział,,powiedzieć,praet:sg:m1:perf,VERB,O,,B-ORG
pl-416,24,10,",",,",",interp,PUNCT,O,,B-ORG
pl-416,24,11,że,,że,comp,SCONJ,O,,B-ORG
pl-416,24,12,nie,,nie,part,PART,O,,B-ORG
pl-416,24,13,sposób,,sposób,pred,VERB,O,,B-ORG
pl-416,24,14,przemilczeć,,przemilczeć,inf:perf,VERB,O,,B-ORG
pl-416,24,15,i,,i,conj,CCONJ,O,,B-ORG
pl-416,24,16,"""",,"""",interp,PUNCT,O,,B-ORG
pl-416,24,17,pasywnie,,pasywnie,adv:pos,ADV,O,,B-ORG
pl-416,24,18,pogodzić,,pogodzić,inf:perf,VERB,O,,B-ORG
pl-416,24,19,się,,się,part,PRON,O,,B-ORG
pl-416,24,20,"""",,"""",interp,PUNCT,O,,B-ORG
pl-416,24,21,z,,z,prep:inst:nwok,ADP,O,,B-ORG
pl-416,24,22,istotną,,istotny,adj:sg:inst:f:pos,ADJ,O,,B-ORG
pl-416,24,23,luką,,luka,subst:sg:inst:f,NOUN,O,,B-ORG
pl-416,24,24,finansową,,finansowy,adj:sg:inst:f:pos,ADJ,O,,B-ORG
pl-416,24,25,w,,w,prep:loc:nwok,ADP,O,,B-ORG
pl-416,24,26,polityce,,polityka,subst:sg:loc:f,NOUN,O,,B-ORG
pl-416,24,27,spójności,,spójność,subst:sg:gen:f,NOUN,O,,B-ORG
pl-416,24,28,.,,.,interp,PUNCT,O,,B-ORG
pl-416,25,1,"""",,"""",interp,PUNCT,O,,B-ORG
pl-416,25,2,Otrzymamy,,otrzymać,fin:pl:pri:perf,VERB,O,,B-ORG
pl-416,25,3,dużo,,dużo,num:pl:acc:m3:rec,DET,O,,B-ORG
pl-416,25,4,mniej,,mniej,num:pl:acc:m3:rec,DET,O,,B-ORG
pl-416,25,5,pieniędzy,,pieniądz,subst:pl:gen:m3,NOUN,O,,B-ORG
pl-416,25,6,na,,na,prep:acc,ADP,O,,B-ORG
pl-416,25,7,politykę,,polityka,subst:sg:acc:f,NOUN,O,,B-ORG
pl-416,25,8,spójności,,spójność,subst:sg:gen:f,NOUN,O,,B-ORG
pl-416,25,9,i,,i,conj,CCONJ,O,,B-ORG
pl-416,25,10,z,,z,prep:inst:nwok,ADP,O,,B-ORG
pl-416,25,11,tym,,to,subst:sg:inst:n:ncol,PRON,O,,B-ORG
pl-416,25,12,się,,się,part,PRON,O,,B-ORG
pl-416,25,13,nie,,nie,part,PART,O,,B-ORG
pl-416,25,14,możemy,,móc,fin:pl:pri:imperf,VERB,O,,B-ORG
pl-416,25,15,godzić,,godzić,inf:imperf,VERB,O,,B-ORG
pl-416,25,16,",",,",",interp,PUNCT,O,,B-ORG
pl-416,25,17,nie,,nie,part,PART,O,,B-ORG
pl-416,25,18,możemy,,móc,fin:pl:pri:imperf,VERB,O,,B-ORG
pl-416,25,19,tego,,to,subst:sg:gen:n:ncol,PRON,O,,B-ORG
pl-416,25,20,akceptować,,akceptować,inf:imperf,VERB,O,,B-ORG
pl-416,25,21,"""",,"""",interp,PUNCT,O,,B-ORG
pl-416,25,22,–,,–,interp,PUNCT,O,,B-ORG
pl-416,25,23,oświadczył,,oświadczyć,praet:sg:m1:perf,VERB,O,,B-ORG
pl-416,25,24,.,,.,interp,PUNCT,O,,B-ORG
pl-416,26,1,Według,,według,prep:gen,ADP,O,,B-ORG
pl-416,26,2,niego,,on,ppron3:sg:gen:m1:ter:akc:praep,PRON,O,,B-ORG
pl-416,26,3,zauważalne,,zauważalny,adj:pl:nom:f:pos,ADJ,O,,B-ORG
pl-416,26,4,są,,być,fin:pl:ter:imperf,AUX,O,,B-ORG
pl-416,26,5,niepokojące,,niepokojący,adj:pl:nom:f:pos,ADJ,O,,B-ORG
pl-416,26,6,tendencje,,tendencja,subst:pl:nom:f,NOUN,O,,B-ORG
pl-416,26,7,do,,do,prep:gen,ADP,O,,B-ORG
pl-416,26,8,centralizacji,,centralizacja,subst:sg:gen:f,NOUN,O,,B-ORG
pl-416,26,9,decyzji,,decyzja,subst:sg:gen:f,NOUN,O,,B-ORG
pl-416,26,10,na,,na,prep:loc,ADP,O,,B-ORG
pl-416,26,11,poziomie,,poziom,subst:sg:loc:m3,NOUN,O,,B-ORG
pl-416,26,12,Unii,Unia,unia,subst:sg:gen:f,NOUN,B-ORG,ORG-European-Union,B-PRO
pl-416,26,13,",",,",",interp,PUNCT,O,,B-ORG
pl-416,26,14,bo,,bo,comp,SCONJ,O,,B-ORG
pl-416,26,15,część,,część,subst:sg:nom:f,NOUN,O,,B-ORG
pl-416,26,16,pieniędzy,,pieniądz,subst:pl:gen:m3,NOUN,O,,B-ORG
pl-416,26,17,unijnych,,unijny,adj:pl:gen:m3:pos,ADJ,O,,B-ORG
pl-416,26,18,przesuwana,,przesuwać,ppas:sg:nom:f:imperf:aff,ADJ,O,,B-ORG
pl-416,26,19,jest,,być,fin:sg:ter:imperf,AUX,O,,B-ORG
pl-416,26,20,na,,na,prep:acc,ADP,O,,B-ORG
pl-416,26,21,nowe,,nowy,adj:pl:acc:m3:pos,ADJ,O,,B-ORG
pl-416,26,22,programy,,program,subst:pl:acc:m3,NOUN,O,,B-ORG
pl-416,26,23,zarządzane,,zarządzać,ppas:pl:acc:m3:imperf:aff,ADJ,O,,B-ORG
pl-416,26,24,z,,z,prep:gen:nwok,ADP,O,,B-ORG
pl-416,26,25,poziomu,,poziom,subst:sg:gen:m3,NOUN,O,,B-ORG
pl-416,26,26,Brukseli,Bruksela,Bruksela,subst:sg:gen:f,PROPN,B-LOC,GPE-Brussles,B-PER
pl-416,26,27,.,,.,interp,PUNCT,O,,B-ORG
pl-416,27,1,"""",,"""",interp,PUNCT,O,,B-ORG
pl-416,27,2,Następuje,,następować,fin:sg:ter:imperf,VERB,O,,B-ORG
pl-416,27,3,centralizacja,,centralizacja,subst:sg:nom:f,NOUN,O,,B-ORG
pl-416,27,4,decyzji,,decyzja,subst:sg:gen:f,NOUN,O,,B-ORG
pl-416,27,5,",",,",",interp,PUNCT,O,,B-ORG
pl-416,27,6,to,,to,comp,SCONJ,O,,B-ORG
pl-416,27,7,jest,,być,fin:sg:ter:imperf,AUX,O,,B-ORG
pl-416,27,8,bardzo,,bardzo,adv:pos,ADV,O,,B-ORG
pl-416,27,9,niepokojące,,niepokojący,adj:sg:nom:n:pos,ADJ,O,,B-ORG
pl-416,27,10,",",,",",interp,PUNCT,O,,B-ORG
pl-416,27,11,bo,,bo,comp,SCONJ,O,,B-ORG
pl-416,27,12,centralizacja,,centralizacja,subst:sg:nom:f,NOUN,O,,B-ORG
pl-416,27,13,stała,,stać,praet:sg:f:perf,VERB,O,,B-ORG
pl-416,27,14,się,,się,part,PRON,O,,B-ORG
pl-416,27,15,jakąś,,jakiś,adj:sg:inst:f:pos,DET,O,,B-ORG
pl-416,27,16,modą,,moda,subst:sg:inst:f,NOUN,O,,B-ORG
pl-416,27,17,",",,",",interp,PUNCT,O,,B-ORG
pl-416,27,18,na,,na,prep:loc,ADP,O,,B-ORG
pl-416,27,19,poziomie,,poziom,subst:sg:loc:m3,NOUN,O,,B-ORG
pl-416,27,20,państwowym,,państwowy,adj:sg:loc:m3:pos,ADJ,O,,B-ORG
pl-416,27,21,i,,i,conj,CCONJ,O,,B-ORG
pl-416,27,22,na,,na,prep:loc,ADP,O,,B-ORG
pl-416,27,23,poziomie,,poziom,subst:sg:loc:m3,NOUN,O,,B-ORG
pl-416,27,24,instytucji,,instytucja,subst:sg:gen:f,NOUN,O,,B-ORG
pl-416,27,25,Unii,Unia,unia,subst:sg:gen:f,NOUN,B-ORG,ORG-European-Union,B-PRO
pl-416,27,26,Europejskiej,Europejska,europejski,adj:sg:gen:f:pos,ADJ,I-ORG,ORG-European-Union,I-PRO
pl-416,27,27,.,,.,interp,PUNCT,O,,B-ORG
pl-416,28,1,To,,to,pred,AUX,O,,B-ORG
pl-416,28,2,nas,,my,ppron12:pl:acc:m1:pri,PRON,O,,B-ORG
pl-416,28,3,",",,",",interp,PUNCT,O,,B-ORG
pl-416,28,4,jako,,jako,comp,SCONJ,O,,B-ORG
pl-416,28,5,samorządy,,samorząd,subst:pl:nom:m3,NOUN,O,,B-ORG
pl-416,28,6,",",,",",interp,PUNCT,O,,B-ORG
pl-416,28,7,bardzo,,bardzo,adv:pos,ADV,O,,B-ORG
pl-416,28,8,niepokoi,,niepokoić,fin:sg:ter:imperf,VERB,O,,B-ORG
pl-416,28,9,"""",,"""",interp,PUNCT,O,,B-ORG
pl-416,28,10,-,,-,interp,PUNCT,O,,B-ORG
pl-416,28,11,zaznaczył,,zaznaczyć,praet:sg:m1:perf,VERB,O,,B-ORG
pl-416,28,12,Woźniak,Woźniak,Woźniak,subst:sg:nom:m1,PROPN,B-PER,PER-Marek-Woźniak,I-ORG
pl-416,28,13,.,,.,interp,PUNCT,O,,B-ORG
pl-416,29,1,Z,,z,prep:gen:nwok,ADP,O,,B-ORG
pl-416,29,2,kolei,,kolej,subst:sg:gen:f,NOUN,O,,B-ORG
pl-416,29,3,Jorge,Jorge,Jorge,subst:sg:nom:m1,PROPN,B-PER,PER-Jorge-Nunez-Ferrer,I-ORG
pl-416,29,4,Nunez,Nunez,Nunez,subst:sg:nom:m1,PROPN,I-PER,PER-Jorge-Nunez-Ferrer,O
pl-416,29,5,Ferrer,Ferrer,Ferrer,subst:sg:nom:m1,PROPN,I-PER,PER-Jorge-Nunez-Ferrer,O
pl-416,29,6,z,,z,prep:gen:nwok,ADP,O,,B-ORG
pl-416,29,7,Centrum,Centrum,centrum,subst:sg:gen:n:ncol,NOUN,B-ORG,ORG-CEPS-Centre-for-European-Policy-Studies,B-PRO
pl-416,29,8,Studiów,Studiów,studia,subst:pl:gen:n:pt,NOUN,I-ORG,ORG-CEPS-Centre-for-European-Policy-Studies,I-PRO
pl-416,29,9,nad,nad,nad,prep:inst:nwok,ADP,I-ORG,ORG-CEPS-Centre-for-European-Policy-Studies,I-PRO
pl-416,29,10,Polityką,Polityką,polityka,subst:sg:inst:f,NOUN,I-ORG,ORG-CEPS-Centre-for-European-Policy-Studies,I-PRO
pl-416,29,11,Europejską,Europejską,europejski,adj:sg:inst:f:pos,ADJ,I-ORG,ORG-CEPS-Centre-for-European-Policy-Studies,I-PRO
pl-416,29,12,wyraził,,wyrazić,praet:sg:m1:perf,VERB,O,,B-ORG
pl-416,29,13,wątpliwość,,wątpliwość,subst:sg:acc:f,NOUN,O,,B-ORG
pl-416,29,14,",",,",",interp,PUNCT,O,,B-ORG
pl-416,29,15,czy,,czy,part,PART,O,,B-ORG
pl-416,29,16,w,,w,prep:loc:nwok,ADP,O,,B-ORG
pl-416,29,17,kontekście,,kontekst,subst:sg:loc:m3,NOUN,O,,B-ORG
pl-416,29,18,Brexitu,Brexit,Brexit,subst:sg:gen:m3,PROPN,B-EVT,EVT-Brexit,B-EVT
pl-416,29,19,"""",,"""",interp,PUNCT,O,,B-ORG
pl-416,29,20,sytuacja,,sytuacja,subst:sg:nom:f,NOUN,O,,B-ORG
pl-416,29,21,jest,,być,fin:sg:ter:imperf,AUX,O,,B-ORG
pl-416,29,22,aż,,aż,part,PART,O,,B-ORG
pl-416,29,23,tak,,tak,adv:pos,ADV,O,,B-ORG
pl-416,29,24,poważna,,poważny,adj:sg:nom:f:pos,ADJ,O,,B-ORG
pl-416,29,25,i,,i,conj,CCONJ,O,,B-ORG
pl-416,29,26,złowroga,,złowrogy,adj:sg:nom:f:pos,ADJ,O,,B-ORG
pl-416,29,27,",",,",",interp,PUNCT,O,,B-ORG
pl-416,29,28,jak,,jak,adv:pos,ADV,O,,B-ORG
pl-416,29,29,ją,,on,ppron3:sg:acc:f:ter:akc:npraep,PRON,O,,B-ORG
pl-416,29,30,się,,się,part,PRON,O,,B-ORG
pl-416,29,31,rysuje,,rysować,fin:sg:ter:imperf,VERB,O,,B-ORG
pl-416,29,32,"""",,"""",interp,PUNCT,O,,B-ORG
pl-416,29,33,.,,.,interp,PUNCT,O,,B-ORG
pl-416,30,1,"""",,"""",interp,PUNCT,O,,B-ORG
pl-416,30,2,Powinniśmy,,powinien być,winien:pl:m1:imperf aglt:pl:pri:imperf:nwok,VERB AUX,O,,B-ORG
pl-416,30,4,spróbować,,spróbować,inf:perf,VERB,O,,B-ORG
pl-416,30,5,wykorzystać,,wykorzystać,inf:perf,VERB,O,,B-ORG
pl-416,30,6,obecną,,obecny,adj:sg:acc:f:pos,ADJ,O,,B-ORG
pl-416,30,7,sytuację,,sytuacja,subst:sg:acc:f,NOUN,O,,B-ORG
pl-416,30,8,",",,",",interp,PUNCT,O,,B-ORG
pl-416,30,9,czerpać,,czerpać,inf:imperf,VERB,O,,B-ORG
pl-416,30,10,z,,z,prep:gen:nwok,ADP,O,,B-ORG
pl-416,30,11,niej,,on,ppron3:sg:gen:f:ter:akc:praep,PRON,O,,B-ORG
pl-416,30,12,korzyści,,korzyść,subst:pl:acc:f,NOUN,O,,B-ORG
pl-416,30,13,.,,.,interp,PUNCT,O,,B-ORG
pl-416,31,1,Trzeba,,trzeba,pred,VERB,O,,B-ORG
pl-416,31,2,odpowiednio,,odpowiednio,adv:pos,ADV,O,,B-ORG
pl-416,31,3,połączyć,,połączyć,inf:perf,VERB,O,,B-ORG
pl-416,31,4,fundusze,,fundusz,subst:pl:acc:m3,NOUN,O,,B-ORG
pl-416,31,5,unijne,,unijny,adj:pl:acc:m3:pos,ADJ,O,,B-ORG
pl-416,31,6,z,,z,prep:inst:nwok,ADP,O,,B-ORG
pl-416,31,7,pieniędzmi,,pieniądz,subst:pl:inst:m3,NOUN,O,,B-ORG
pl-416,31,8,krajowymi,,krajowy,adj:pl:inst:m3:pos,ADJ,O,,B-ORG
pl-416,31,9,"""",,"""",interp,PUNCT,O,,B-ORG
pl-416,31,10,-,,-,interp,PUNCT,O,,B-ORG
pl-416,31,11,przekonywał,,przekonywać,praet:sg:m1:imperf,VERB,O,,B-ORG
pl-416,31,12,.,,.,interp,PUNCT,O,,B-ORG
pl-416,32,1,W,,w,prep:loc:nwok,ADP,O,,B-ORG
pl-416,32,2,jego,,on,ppron3:sg:gen:m1:ter:akc:npraep,PRON,O,,B-ORG
pl-416,32,3,ocenie,,ocena,subst:sg:loc:f,NOUN,O,,B-ORG
pl-416,32,4,po,,po,prep:loc,ADP,O,,B-ORG
pl-416,32,5,2020,,2020,adj:sg:loc:m3:pos,ADJ,O,,B-ORG
pl-416,32,6,r,,rok,brev:pun,X,O,,B-ORG
pl-416,32,7,.,,.,interp,PUNCT,O,,B-ORG
pl-416,32,8,intensywniej,,intensywnie,adv:com,ADV,O,,B-ORG
pl-416,32,9,będzie,,być,bedzie:sg:ter:imperf,AUX,O,,B-ORG
pl-416,32,10,działał,,działać,praet:sg:m3:imperf,VERB,O,,B-ORG
pl-416,32,11,Europejski,Europejski,europejski,adj:sg:nom:m3:pos,ADJ,B-ORG,ORG-EIF-European-Investment-Fund,B-PRO
pl-416,32,12,Fundusz,Fundusz,fundusz,subst:sg:nom:m3,NOUN,I-ORG,ORG-EIF-European-Investment-Fund,I-PRO
pl-416,32,13,Inwestycyjny,Inwestycyjny,inwestycyjny,adj:sg:nom:m3:pos,ADJ,I-ORG,ORG-EIF-European-Investment-Fund,I-PRO
pl-416,32,14,",",,",",interp,PUNCT,O,,B-ORG
pl-416,32,15,jak,,jak,conj,CCONJ,O,,B-ORG
pl-416,32,16,również,,również,part,PART,O,,B-ORG
pl-416,32,17,krajowe,,krajowy,adj:pl:nom:m3:pos,ADJ,O,,B-ORG
pl-416,32,18,banki,,bank,subst:pl:nom:m3,NOUN,O,,B-ORG
pl-416,32,19,rozwoju,,rozwój,subst:sg:gen:m3,NOUN,O,,B-ORG
pl-416,32,20,",",,",",interp,PUNCT,O,,B-ORG
pl-416,32,21,przez,,przez,prep:acc:nwok,ADP,O,,B-ORG
pl-416,32,22,co,,co,subst:sg:acc:n:ncol,PRON,O,,B-ORG
pl-416,32,23,same,,sam,adj:pl:nom:f:pos,ADJ,O,,B-ORG
pl-416,32,24,kwoty,,kwota,subst:pl:nom:f,NOUN,O,,B-ORG
pl-416,32,25,na,,na,prep:acc,ADP,O,,B-ORG
pl-416,32,26,inwestycje,,inwestycja,subst:pl:acc:f,NOUN,O,,B-ORG
pl-416,32,27,pokryte,,pokryć,ppas:pl:acc:f:perf:aff,ADJ,O,,B-ORG
pl-416,32,28,gwarancjami,,gwarancja,subst:pl:inst:f,NOUN,O,,B-ORG
pl-416,32,29,z,,z,prep:gen:nwok,ADP,O,,B-ORG
pl-416,32,30,UE,UE,UE,subst:sg:gen:f,PROPN,B-ORG,ORG-European-Union,B-PRO
pl-416,32,31,de,,de,frag,X,O,,B-ORG
pl-416,32,32,facto,,facto,subst:sg:gen:n,PROPN,O,,B-ORG
pl-416,32,33,wzrosną,,wzrosnąć,fin:pl:ter:perf,VERB,O,,B-ORG
pl-416,32,34,.,,.,interp,PUNCT,O,,B-ORG
pl-416,33,1,"""",,"""",interp,PUNCT,O,,B-ORG
pl-416,33,2,Spadek,,spadek,subst:sg:nom:m3,NOUN,O,,B-ORG
pl-416,33,3,środków,,środek,subst:pl:gen:n,NOUN,O,,B-ORG
pl-416,33,4,po,,po,prep:loc,ADP,O,,B-ORG
pl-416,33,5,Brexicie,Brexit,Brexita,subst:sg:loc:m3,PROPN,B-EVT,EVT-Brexit,B-EVT
pl-416,33,6,będzie,,być,bedzie:sg:ter:imperf,AUX,O,,B-ORG
pl-416,33,7,mniejszy,,mały,adj:sg:nom:m3:com,ADJ,O,,B-ORG
pl-416,33,8,niż,,niż,comp,SCONJ,O,,B-ORG
pl-416,33,9,te,,ten,adj:pl:nom:m3:pos,DET,O,,B-ORG
pl-416,33,10,pieniądze,,pieniądz,subst:pl:nom:m3,NOUN,O,,B-ORG
pl-416,33,11,",",,",",interp,PUNCT,O,,B-ORG
pl-416,33,12,które,,który,adj:pl:nom:m3:pos,DET,O,,B-ORG
pl-416,33,13,zostaną,,zostać,fin:pl:ter:perf,AUX,O,,B-ORG
pl-416,33,14,zmobilizowane,,zmobilizować,ppas:pl:nom:m3:perf:aff,ADJ,O,,B-ORG
pl-416,33,15,inną,,inny,adj:sg:inst:f:pos,ADJ,O,,B-ORG
pl-416,33,16,drogą,,droga,subst:sg:inst:f,NOUN,O,,B-ORG
pl-416,33,17,.,,.,interp,PUNCT,O,,B-ORG
pl-416,34,1,Innymi,,inny,adj:pl:inst:n:pos,ADJ,O,,B-ORG
pl-416,34,2,słowy,,słowo,subst:pl:inst:n:ncol,NOUN,O,,B-ORG
pl-416,34,3,zmieniamy,,zmieniać,fin:pl:pri:imperf,VERB,O,,B-ORG
pl-416,34,4,tryb,,tryb,subst:sg:acc:m3,NOUN,O,,B-ORG
pl-416,34,5,finansowania,,finansować,ger:sg:gen:n:imperf:aff,NOUN,O,,B-ORG
pl-416,34,6,działalności,,działalność,subst:sg:gen:f,NOUN,O,,B-ORG
pl-416,34,7,Unii,Unia,unia,subst:sg:gen:f,NOUN,B-ORG,ORG-European-Union,B-PRO
pl-416,34,8,",",,",",interp,PUNCT,O,,B-ORG
pl-416,34,9,to,,to,comp,SCONJ,O,,B-ORG
pl-416,34,10,trzeba,,trzeba,pred,VERB,O,,B-ORG
pl-416,34,11,zrozumieć,,zrozumieć,inf:perf,VERB,O,,B-ORG
pl-416,34,12,i,,i,conj,CCONJ,O,,B-ORG
pl-416,34,13,wykorzystać,,wykorzystać,inf:perf,VERB,O,,B-ORG
pl-416,34,14,"""",,"""",interp,PUNCT,O,,B-ORG
pl-416,34,15,-,,-,interp,PUNCT,O,,B-ORG
pl-416,34,16,powiedział,,powiedzieć,praet:sg:m1:perf,VERB,O,,B-ORG
pl-416,34,17,Ferrer,Ferrer,Ferrer,subst:sg:nom:m1,PROPN,B-PER,PER-Jorge-Nunez-Ferrer,I-ORG
pl-416,34,18,.,,.,interp,PUNCT,O,,B-ORG
pl-416,35,1,Jak,,jak,adv:pos,ADV,O,,B-ORG
pl-416,35,2,wynika,,wynikać,fin:sg:ter:imperf,VERB,O,,B-ORG
pl-416,35,3,z,,z,prep:gen:nwok,ADP,O,,B-ORG
pl-416,35,4,dokumentów,,dokument,subst:pl:gen:m3,NOUN,O,,B-ORG
pl-416,35,5,Komisji,Komisja,komisja,subst:sg:gen:f,NOUN,B-ORG,ORG-European-Commission,B-PRO
pl-416,35,6,Europejskiej,Europejska,europejski,adj:sg:gen:f:pos,ADJ,I-ORG,ORG-European-Commission,I-PRO
pl-416,35,7,dotyczących,,dotyczyć,pact:pl:gen:f:imperf:aff,ADJ,O,,B-ORG
pl-416,35,8,projektu,,projekt,subst:sg:gen:m3,NOUN,O,,B-ORG
pl-416,35,9,przyszłego,,przyszły,adj:sg:gen:m3:pos,ADJ,O,,B-ORG
pl-416,35,10,budżetu,,budżet,subst:sg:gen:m3,NOUN,O,,B-ORG
pl-416,35,11,UE,UE,UE,subst:sg:gen:f,PROPN,B-ORG,ORG-European-Union,B-PRO
pl-416,35,12,",",,",",interp,PUNCT,O,,B-ORG
pl-416,35,13,pierwszy,,pierwszy,adj:sg:acc:m3:pos,ADJ,O,,B-ORG
pl-416,35,14,raz,,raz,subst:sg:acc:m3,NOUN,O,,B-ORG
pl-416,35,15,od,,od,prep:gen:nwok,ADP,O,,B-ORG
pl-416,35,16,1988,,1988,adj:sg:gen:m3:pos,ADJ,O,,B-ORG
pl-416,35,17,r,,rok,brev:pun,X,O,,B-ORG
pl-416,35,18,.,,.,interp,PUNCT,O,,B-ORG
pl-416,35,19,wspólna,Wspólna,wspólny,adj:sg:nom:f:pos,ADJ,B-PRO,PRO-CAP-Common-Agricultural-Policy,B-ORG
pl-416,35,20,polityka,polityka,polityka,subst:sg:nom:f,NOUN,I-PRO,PRO-CAP-Common-Agricultural-Policy,B-ORG
pl-416,35,21,rolna,rolna,rolny,adj:sg:nom:f:pos,ADJ,I-PRO,PRO-CAP-Common-Agricultural-Policy,B-ORG
pl-416,35,22,i,,i,conj,CCONJ,O,,B-ORG
pl-416,35,23,polityka,,polityka,subst:sg:nom:f,NOUN,O,,B-ORG
pl-416,35,24,spójności,,spójność,subst:sg:gen:f,NOUN,O,,B-ORG
pl-416,35,25,nie,,nie,part,PART,O,,B-ORG
pl-416,35,26,będą,,być,bedzie:pl:ter:imperf,AUX,O,,B-ORG
pl-416,35,27,głównymi,,główny,adj:pl:inst:f:pos,ADJ,O,,B-ORG
pl-416,35,28,pozycjami,,pozycja,subst:pl:inst:f,NOUN,O,,B-ORG
pl-416,35,29,w,,w,prep:loc:nwok,ADP,O,,B-ORG
pl-416,35,30,budżecie,,budżet,subst:sg:loc:m3,NOUN,O,,B-ORG
pl-416,35,31,unijnym,,unijny,adj:sg:loc:m3:pos,ADJ,O,,B-ORG
pl-416,35,32,.,,.,interp,PUNCT,O,,B-ORG
pl-416,36,1,Największy,,wielki,adj:sg:nom:m3:sup,ADJ,O,,B-ORG
pl-416,36,2,wzrost,,wzrost,subst:sg:nom:m3,NOUN,O,,B-ORG
pl-416,36,3,wydatków,,wydatek,subst:pl:gen:m3,NOUN,O,,B-ORG
pl-416,36,4,dotyczy,,dotyczyć,fin:sg:ter:imperf,VERB,O,,B-ORG
pl-416,36,5,pozycji,,pozycja,subst:pl:gen:f,NOUN,O,,B-ORG
pl-416,36,6,przeznaczonych,,przeznaczyć,ppas:pl:gen:f:perf:aff,ADJ,O,,B-ORG
pl-416,36,7,na,,na,prep:acc,ADP,O,,B-ORG
pl-416,36,8,migrację,,migracja,subst:sg:acc:f,NOUN,O,,B-ORG
pl-416,36,9,i,,i,conj,CCONJ,O,,B-ORG
pl-416,36,10,granice,,granica,subst:pl:acc:f,NOUN,O,,B-ORG
pl-416,36,11,(,,(,interp,PUNCT,O,,B-ORG
pl-416,36,12,ponad,,ponad,part,PART,O,,B-ORG
pl-416,36,13,"2,5",,"2,5",num:pl:acc:m3:rec,NUM,O,,B-ORG
pl-416,36,14,razy,,raz,subst:pl:gen:m3,NOUN,O,,B-ORG
pl-416,36,15,więcej,,więcej,num:pl:nom:m3:rec,DET,O,,B-ORG
pl-416,36,16,niż,,niż,comp,SCONJ,O,,B-ORG
pl-416,36,17,obecnie,,obecnie,adv:pos,ADV,O,,B-ORG
pl-416,36,18,),,),interp,PUNCT,O,,B-ORG
pl-416,36,19,",",,",",interp,PUNCT,O,,B-ORG
pl-416,36,20,ludzi,,człowiek,subst:pl:gen:m1,NOUN,O,,B-ORG
pl-416,36,21,młodych,,młody,adj:pl:gen:m1:pos,ADJ,O,,B-ORG
pl-416,36,22,(,,(,interp,PUNCT,O,,B-ORG
pl-416,36,23,ponad,,ponad,part,PART,O,,B-ORG
pl-416,36,24,dwa,,dwa,num:pl:acc:m3:congr,NUM,O,,B-ORG
pl-416,36,25,razy,,raz,subst:pl:acc:m3,NOUN,O,,B-ORG
pl-416,36,26,więcej,,więcej,num:pl:nom:m3:rec,DET,O,,B-ORG
pl-416,36,27,),,),interp,PUNCT,O,,B-ORG
pl-416,36,28,",",,",",interp,PUNCT,O,,B-ORG
pl-416,36,29,bezpieczeństwo,,bezpieczeństwo,subst:sg:nom:n:ncol,NOUN,O,,B-ORG
pl-416,36,30,(,,(,interp,PUNCT,O,,B-ORG
pl-416,36,31,wzrost,,wzrost,subst:sg:nom:m3,NOUN,O,,B-ORG
pl-416,36,32,o,,o,prep:acc,ADP,O,,B-ORG
pl-416,36,33,80,,80,num:pl:acc:m3:rec,NUM,O,,B-ORG
pl-416,36,34,proc,,procent,brev:pun,X,O,,B-ORG
pl-416,36,35,.,,.,interp,PUNCT,O,,B-ORG
pl-416,36,36,),,),interp,PUNCT,O,,B-ORG
pl-416,36,37,",",,",",interp,PUNCT,O,,B-ORG
pl-416,36,38,klimat,,klimat,subst:sg:nom:m3,NOUN,O,,B-ORG
pl-416,36,39,i,,i,conj,CCONJ,O,,B-ORG
pl-416,36,40,środowisko,,środowisko,subst:sg:nom:n:ncol,NOUN,O,,B-ORG
pl-416,36,41,(,,(,interp,PUNCT,O,,B-ORG
pl-416,36,42,70,,70,num:pl:nom:m3:rec,NUM,O,,B-ORG
pl-416,36,43,proc,,procent,brev:pun,X,O,,B-ORG
pl-416,36,44,.,,.,interp,PUNCT,O,,B-ORG
pl-416,36,45,),,),interp,PUNCT,O,,B-ORG
pl-416,36,46,oraz,,oraz,conj,CCONJ,O,,B-ORG
pl-416,36,47,badania,,badanie,subst:pl:nom:n:ncol,NOUN,O,,B-ORG
pl-416,36,48,",",,",",interp,PUNCT,O,,B-ORG
pl-416,36,49,innowacje,,innowacja,subst:pl:nom:f,NOUN,O,,B-ORG
pl-416,36,50,i,,i,conj,CCONJ,O,,B-ORG
pl-416,36,51,technologie,,technologia,subst:pl:nom:f,NOUN,O,,B-ORG
pl-416,36,52,cyfrowe,,cyfrowy,adj:pl:nom:f:pos,ADJ,O,,B-ORG
pl-416,36,53,(,,(,interp,PUNCT,O,,B-ORG
pl-416,36,54,60,,60,num:pl:nom:m3:rec,NUM,O,,B-ORG
pl-416,36,55,proc,,procent,brev:pun,X,O,,B-ORG
pl-416,36,56,.,,.,interp,PUNCT,O,,B-ORG
pl-416,36,57,),,),interp,PUNCT,O,,B-ORG
pl-416,36,58,.,,.,interp,PUNCT,O,,B-ORG
