docId,sentenceId,tokenId,text,lemma,calcLemma,upos,xpos,ner,clID,calcNER
sl-38,0,1,Adria,Adria,Adria,Npfsn,PROPN,B-ORG,ORG-Adria-Airways,B-ORG
sl-38,0,2,Airways,Airways,Airways,Npmsn,PROPN,I-ORG,ORG-Adria-Airways,B-LOC
sl-38,0,3,med,,med,Si,ADP,O,,O
sl-38,0,4,najslabšimi,,slab,Agsmpi,ADJ,O,,O
sl-38,0,5,na,,na,Sl,ADP,O,,O
sl-38,0,6,svetu,,svet,Ncmsl,NOUN,O,,O
sl-38,1,1,Prevoznik,,prevoznik,Ncmsn,NOUN,O,,O
sl-38,1,2,potnikom,,potnik,Ncmpd,NOUN,O,,O
sl-38,1,3,dolguje,,dolgovati,Vmpr3s,VERB,O,,O
sl-38,1,4,odškodnine,,odškodnina,Ncfpa,NOUN,O,,O
sl-38,1,5,za,,za,Sa,ADP,O,,O
sl-38,1,6,odpovedane,,odpovedan,Appmpa,ADJ,O,,O
sl-38,1,7,polete,,polet,Ncmpa,NOUN,O,,O
sl-38,1,8,.,,.,Z,PUNCT,O,,O
sl-38,2,1,Njegova,,njegov,Ps3fsnsm,DET,O,,O
sl-38,2,2,usoda,,usoda,Ncfsn,NOUN,O,,O
sl-38,2,3,naj,,naj,Q,PART,O,,O
sl-38,2,4,bi,,biti,Va-c,AUX,O,,O
sl-38,2,5,bila,,biti,Va-p-sf,AUX,O,,O
sl-38,2,6,znana,,znan,Appfsn,ADJ,O,,O
sl-38,2,7,konec,,konec,Sg,ADP,O,,O
sl-38,2,8,meseca,,mesec,Ncmsg,NOUN,O,,O
sl-38,2,9,.,,.,Z,PUNCT,O,,O
sl-38,3,1,Potnike,,potnik,Ncmpa,NOUN,O,,O
sl-38,3,2,na,,na,Sl,ADP,O,,O
sl-38,3,3,poletih,,polet,Ncmpl,NOUN,O,,O
sl-38,3,4,pogosto,,pogosto,Rgp,ADV,O,,O
sl-38,3,5,pričaka,,pričakati,Vmer3s,VERB,O,,O
sl-38,3,6,hladna,,hladen,Agpfsn,ADJ,O,,O
sl-38,3,7,prha,,prha,Ncfsn,NOUN,O,,O
sl-38,3,8,.,,.,Z,PUNCT,O,,O
sl-38,4,1,ZGORNJI,Zgornji,zgornji,Agpmsny,ADJ,B-LOC,GPE-Zgornji-Brnik,B-LOC
sl-38,4,2,BRNIK,Brnik,Brnik,Npmsn,PROPN,I-LOC,GPE-Zgornji-Brnik,B-LOC
sl-38,4,3,",",,",",Z,PUNCT,O,,O
sl-38,4,4,LJUBLJANA,Ljubljana,Ljubljana,Npfsn,PROPN,B-LOC,GPE-Ljubljana,B-LOC
sl-38,4,5,–,,–,Z,PUNCT,O,,B-LOC
sl-38,4,6,Naš,,naš,Ps1msnp,DET,O,,O
sl-38,4,7,nekdanji,,nekdanji,Agpmsny,ADJ,O,,O
sl-38,4,8,nacionalni,,nacionalen,Agpmsny,ADJ,O,,O
sl-38,4,9,letalski,,letalski,Agpmsny,ADJ,O,,O
sl-38,4,10,prevoznik,,prevoznik,Ncmsn,NOUN,O,,O
sl-38,4,11,Adria,Adria,Adria,Npfsn,PROPN,B-ORG,ORG-Adria-Airways,B-ORG
sl-38,4,12,Airways,Airways,Airways,Npmsn,PROPN,I-ORG,ORG-Adria-Airways,I-ORG
sl-38,4,13,(,,(,Z,PUNCT,O,,O
sl-38,4,14,AA,AA,AA,Npmsn,PROPN,B-ORG,ORG-Adria-Airways,B-ORG
sl-38,4,15,),,),Z,PUNCT,O,,O
sl-38,4,16,",",,",",Z,PUNCT,O,,O
sl-38,4,17,ki,,ki,Cs,SCONJ,O,,O
sl-38,4,18,smo,,biti,Va-r1p-n,AUX,O,,O
sl-38,4,19,ga,,on,Pp3msa--y,PRON,O,,O
sl-38,4,20,prodali,,prodati,Vmep-pm,VERB,O,,O
sl-38,4,21,Nemcem,Nemci,Nemec,Npmpd,PROPN,B-PER,GPE-Germany,B-ORG
sl-38,4,22,",",,",",Z,PUNCT,O,,O
sl-38,4,23,letos,,letos,Rgp,ADV,O,,O
sl-38,4,24,nima,,imeti,Vmpr3s-y,VERB,O,,O
sl-38,4,25,dobre,,dober,Agpfsg,ADJ,O,,O
sl-38,4,26,sezone,,sezona,Ncfsg,NOUN,O,,O
sl-38,4,27,.,,.,Z,PUNCT,O,,O
sl-38,5,1,Težave,,težava,Ncfpn,NOUN,O,,O
sl-38,5,2,so,,biti,Va-r3p-n,AUX,O,,O
sl-38,5,3,se,,se,Px------y,PRON,O,,O
sl-38,5,4,nakopičile,,nakopičiti,Vmep-pf,VERB,O,,O
sl-38,5,5,in,,in,Cc,CCONJ,O,,O
sl-38,5,6,se,,se,Px------y,PRON,O,,O
sl-38,5,7,še,,še,Q,PART,O,,O
sl-38,5,8,kopičijo,,kopičiti,Vmpr3p,VERB,O,,O
sl-38,5,9,v,,v,Sl,ADP,O,,O
sl-38,5,10,dnevnem,,dneven,Agpmsl,ADJ,O,,O
sl-38,5,11,ritmu,,ritem,Ncmsl,NOUN,O,,O
sl-38,5,12,:,,:,Z,PUNCT,O,,O
sl-38,5,13,zadnjo,,zadnji,Agpfsa,ADJ,O,,O
sl-38,5,14,je,,biti,Va-r3s-n,AUX,O,,O
sl-38,5,15,odprl,,odpreti,Vmep-sm,VERB,O,,O
sl-38,5,16,nekdanji,,nekdanji,Agpmsny,ADJ,O,,O
sl-38,5,17,minister,,minister,Ncmsn,NOUN,O,,O
sl-38,5,18,Gregor,Gregor,Gregor,Npmsn,PROPN,B-PER,PER-Gregor-Virant,B-PER
sl-38,5,19,Virant,Virant,Virant,Npmsn,PROPN,I-PER,PER-Gregor-Virant,I-PER
sl-38,5,20,",",,",",Z,PUNCT,O,,O
sl-38,5,21,ki,,ki,Cs,SCONJ,O,,O
sl-38,5,22,zbira,,zbirati,Vmpr3s,VERB,O,,O
sl-38,5,23,kandidate,,kandidat,Ncmpa,NOUN,O,,O
sl-38,5,24,za,,za,Sa,ADP,O,,O
sl-38,5,25,skupinsko,,skupinski,Agpfsa,ADJ,O,,O
sl-38,5,26,tožbo,,tožba,Ncfsa,NOUN,O,,O
sl-38,5,27,zoper,,zoper,Sa,ADP,O,,O
sl-38,5,28,AA,AA,AA,Npmsan,PROPN,B-ORG,ORG-Adria-Airways,B-ORG
sl-38,5,29,:,,:,Z,PUNCT,O,,O
sl-38,5,30,»,,»,Z,PUNCT,O,,O
sl-38,5,31,V,,v,Sl,ADP,O,,O
sl-38,5,32,mnogih,,mnog,Pi-mpl,DET,O,,O
sl-38,5,33,primerih,,primer,Ncmpl,NOUN,O,,O
sl-38,5,34,rešujejo,,reševati,Vmpr3p,VERB,O,,O
sl-38,5,35,zahtevke,,zahtevek,Ncmpa,NOUN,O,,O
sl-38,5,36,osem,,osem,Mlc-pa,NUM,O,,O
sl-38,5,37,mesecev,,mesec,Ncmpg,NOUN,O,,O
sl-38,5,38,in,,in,Cc,CCONJ,O,,O
sl-38,5,39,več,,več,Rgc,DET,O,,O
sl-38,5,40,",",,",",Z,PUNCT,O,,O
sl-38,5,41,čeprav,,čeprav,Cs,SCONJ,O,,O
sl-38,5,42,je,,biti,Va-r3s-n,AUX,O,,O
sl-38,5,43,zakonski,,zakonski,Agpmsny,ADJ,O,,O
sl-38,5,44,rok,,rok,Ncmsn,NOUN,O,,O
sl-38,5,45,osem,,osem,Mlc-pa,NUM,O,,O
sl-38,5,46,tednov,,teden,Ncmpg,NOUN,O,,O
sl-38,5,47,.,,.,Z,PUNCT,O,,O
sl-38,6,1,Službe,,služba,Ncfpn,NOUN,O,,O
sl-38,6,2,so,,biti,Va-r3p-n,AUX,O,,O
sl-38,6,3,povsem,,povsem,Rgp,ADV,O,,O
sl-38,6,4,nedostopne,,nedostopen,Agpfpn,ADJ,O,,O
sl-38,6,5,in,,in,Cc,CCONJ,O,,O
sl-38,6,6,z,,z,Si,ADP,O,,O
sl-38,6,7,nikomer,,nihče,Pz-nsi,PRON,O,,O
sl-38,6,8,ni,,biti,Va-r3s-y,VERB,O,,O
sl-38,6,9,mogoče,,mogoč,Agpnsn,ADJ,O,,O
sl-38,6,10,priti,,priti,Vmen,VERB,O,,O
sl-38,6,11,v,,v,Sa,ADP,O,,O
sl-38,6,12,stik,,stik,Ncmsan,NOUN,O,,O
sl-38,6,13,.,,.,Z,PUNCT,O,,O
sl-38,6,14,«,,«,Z,PUNCT,O,,O
sl-38,7,1,Tudi,,tudi,Q,PART,O,,O
sl-38,7,2,pritožb,,pritožba,Ncfpg,NOUN,O,,O
sl-38,7,3,potnikov,,potnik,Ncmpg,NOUN,O,,O
sl-38,7,4,nad,,nad,Si,ADP,O,,O
sl-38,7,5,AA,AA,AA,Npmsn,PROPN,B-ORG,ORG-Adria-Airways,O
sl-38,7,6,ne,,ne,Q,PART,O,,O
sl-38,7,7,zmanjka,,zmanjkati,Vmer3s,VERB,O,,O
sl-38,7,8,.,,.,Z,PUNCT,O,,O
sl-38,8,1,Virant,Virant,Virant,Npmsn,PROPN,B-PER,PER-Gregor-Virant,O
sl-38,8,2,kot,,kot,Cs,SCONJ,O,,O
sl-38,8,3,vzrok,,vzrok,Ncmsn,NOUN,O,,O
sl-38,8,4,navaja,,navajati,Vmpr3s,VERB,O,,O
sl-38,8,5,zamude,,zamuda,Ncfpa,NOUN,O,,O
sl-38,8,6,pri,,pri,Sl,ADP,O,,O
sl-38,8,7,plačilu,,plačilo,Ncnsl,NOUN,O,,O
sl-38,8,8,odškodnin,,odškodnina,Ncfpg,NOUN,O,,O
sl-38,8,9,za,,za,Sa,ADP,O,,O
sl-38,8,10,odpovedane,,odpovedan,Appmpa,ADJ,O,,O
sl-38,8,11,polete,,polet,Ncmpa,NOUN,O,,O
sl-38,8,12,(,,(,Z,PUNCT,O,,O
sl-38,8,13,sam,,sam,Agpmsnn,ADJ,O,,O
sl-38,8,14,jih,,on,Pp3mpa--y,PRON,O,,O
sl-38,8,15,ima,,imeti,Vmpr3s-n,VERB,O,,O
sl-38,8,16,10,,10,Mdc,NUM,O,,O
sl-38,8,17,),,),Z,PUNCT,O,,O
sl-38,8,18,in,,in,Cc,CCONJ,O,,O
sl-38,8,19,zamude,,zamuda,Ncfpa,NOUN,O,,O
sl-38,8,20,;,,;,Z,PUNCT,O,,O
sl-38,8,21,na,,na,Sl,ADP,O,,O
sl-38,8,22,koncu,,konec,Ncmsl,NOUN,O,,O
sl-38,8,23,pa,,pa,Cc,CCONJ,O,,O
sl-38,8,24,sledi,,slediti,Vmpr3s,VERB,O,,O
sl-38,8,25,tuš,,tuš,Ncmsn,NOUN,O,,O
sl-38,8,26,:,,:,Z,PUNCT,O,,O
sl-38,8,27,»,,»,Z,PUNCT,O,,O
sl-38,8,28,Adria,Adria,Adria,Npfsn,PROPN,B-ORG,ORG-Adria-Airways,O
sl-38,8,29,najbrž,,najbrž,Q,PART,O,,O
sl-38,8,30,ne,,ne,Q,PART,O,,O
sl-38,8,31,bo,,biti,Va-f3s-n,VERB,O,,O
sl-38,8,32,več,,več,Q,PART,O,,O
sl-38,8,33,dolgo,,dolg,Agpnsn,ADJ,O,,O
sl-38,8,34,",",,",",Z,PUNCT,O,,O
sl-38,8,35,ampak,,ampak,Cc,CCONJ,O,,O
sl-38,8,36,gre,,iti,Vmbr3s,VERB,O,,O
sl-38,8,37,za,,za,Sa,ADP,O,,O
sl-38,8,38,princip,,princip,Ncmsan,NOUN,O,,O
sl-38,8,39,",",,",",Z,PUNCT,O,,O
sl-38,8,40,da,,da,Cs,SCONJ,O,,O
sl-38,8,41,nas,,jaz,Pp1-pa,PRON,O,,O
sl-38,8,42,ne,,ne,Q,PART,O,,O
sl-38,8,43,obravnavajo,,obravnavati,Vmpr3p,VERB,O,,O
sl-38,8,44,kot,,kot,Cs,SCONJ,O,,O
sl-38,8,45,bebave,,bebav,Agpfpn,ADJ,O,,O
sl-38,8,46,ovce,,ovca,Ncfpn,NOUN,O,,O
sl-38,8,47,.,,.,Z,PUNCT,O,,O
sl-38,8,48,«,,«,Z,PUNCT,O,,O
sl-38,9,1,Domnevajo,,domnevati,Vmpr3p,VERB,O,,O
sl-38,9,2,",",,",",Z,PUNCT,O,,O
sl-38,9,3,da,,da,Cs,SCONJ,O,,O
sl-38,9,4,bodo,,biti,Va-f3p-n,AUX,O,,O
sl-38,9,5,kolapsirali,,kolapsirati,Vmbp-pm,VERB,O,,O
sl-38,10,1,Virant,Virant,Virant,Npmsn,PROPN,B-PER,PER-Gregor-Virant,B-PER
sl-38,10,2,pravi,,praviti,Vmbr3s,VERB,O,,O
sl-38,10,3,",",,",",Z,PUNCT,O,,O
sl-38,10,4,da,,da,Cs,SCONJ,O,,O
sl-38,10,5,si,,se,Px---d--y,PRON,O,,O
sl-38,10,6,ne,,ne,Q,PART,O,,O
sl-38,10,7,moremo,,moči,Vmpr1p,VERB,O,,O
sl-38,10,8,dovoliti,,dovoliti,Vmen,VERB,O,,O
sl-38,10,9,",",,",",Z,PUNCT,O,,O
sl-38,10,10,da,,da,Cs,SCONJ,O,,O
sl-38,10,11,se,,se,Px------y,PRON,O,,O
sl-38,10,12,do,,do,Sg,ADP,O,,O
sl-38,10,13,nas,,jaz,Pp1-pg,PRON,O,,O
sl-38,10,14,»,,»,Z,PUNCT,O,,O
sl-38,10,15,obnašajo,,obnašati,Vmpr3p,VERB,O,,O
sl-38,10,16,kot,,kot,Cs,SCONJ,O,,O
sl-38,10,17,do,,do,Sg,ADP,O,,O
sl-38,10,18,nevednih,,neveden,Agpfpg,ADJ,O,,O
sl-38,10,19,ovc,,ovca,Ncfpg,NOUN,O,,O
sl-38,10,20,«,,«,Z,PUNCT,O,,O
sl-38,10,21,",",,",",Z,PUNCT,O,,O
sl-38,10,22,čeprav,,čeprav,Cs,SCONJ,O,,O
sl-38,10,23,smo,,biti,Va-r1p-n,AUX,O,,O
sl-38,10,24,temu,,ta,Pd-nsd,DET,O,,O
sl-38,10,25,priča,,priča,Ncfsn,NOUN,O,,O
sl-38,10,26,že,,že,Q,PART,O,,O
sl-38,10,27,lep,,lep,Agpmsnn,ADJ,O,,O
sl-38,10,28,čas,,čas,Ncmsn,NOUN,O,,O
sl-38,10,29,.,,.,Z,PUNCT,O,,O
sl-38,11,1,A,,a,Cc,CCONJ,O,,O
sl-38,11,2,kaj,,kaj,Pq-nsn,PRON,O,,O
sl-38,11,3,",",,",",Z,PUNCT,O,,O
sl-38,11,4,ko,,ko,Cs,SCONJ,O,,O
sl-38,11,5,so,,biti,Va-r3p-n,AUX,O,,O
sl-38,11,6,napovedi,,napoved,Ncfpn,NOUN,O,,O
sl-38,11,7,še,,še,Q,PART,O,,O
sl-38,11,8,slabše,,slab,Agcfpn,ADJ,O,,O
sl-38,11,9,:,,:,Z,PUNCT,O,,O
sl-38,11,10,po,,po,Sl,ADP,O,,O
sl-38,11,11,navedbah,,navedba,Ncfpl,NOUN,O,,O
sl-38,11,12,spletne,,spleten,Agpfsg,ADJ,O,,O
sl-38,11,13,strani,,stran,Ncfsg,NOUN,O,,O
sl-38,11,14,Simple,Simple,Simple,Npmsn,PROPN,B-PRO,PRO-Simple-Flying,B-PRO
sl-38,11,15,Flying,Flying,flying,Npmsn,PROPN,I-PRO,PRO-Simple-Flying,I-PRO
sl-38,11,16,",",,",",Z,PUNCT,O,,O
sl-38,11,17,namenjene,,namenjen,Appfpn,ADJ,O,,O
sl-38,11,18,letalstvu,,letalstvo,Ncnsd,NOUN,O,,O
sl-38,11,19,",",,",",Z,PUNCT,O,,O
sl-38,11,20,je,,biti,Va-r3s-n,VERB,O,,O
sl-38,11,21,blizu,,blizu,Rgp,ADV,O,,O
sl-38,11,22,tudi,,tudi,Q,PART,O,,O
sl-38,11,23,Adrijin,Adria,Adrijin,Aspmsnn,ADJ,B-ORG,ORG-Adria-Airways,O
sl-38,11,24,zlom,,zlom,Ncmsn,NOUN,O,,O
sl-38,11,25,:,,:,Z,PUNCT,O,,O
sl-38,11,26,»,,»,Z,PUNCT,O,,O
sl-38,11,27,Zdaj,,zdaj,Rgp,ADV,O,,O
sl-38,11,28,tuje,,tuj,Agpfpn,ADJ,O,,O
sl-38,11,29,letalske,,letalski,Agpfpn,ADJ,O,,O
sl-38,11,30,družbe,,družba,Ncfpn,NOUN,O,,O
sl-38,11,31,povečujejo,,povečevati,Vmpr3p,VERB,O,,O
sl-38,11,32,prisotnost,,prisotnost,Ncfsa,NOUN,O,,O
sl-38,11,33,na,,na,Sl,ADP,O,,O
sl-38,11,34,ljubljanskem,ljubljansko,ljubljanski,Agpnsl,ADJ,B-LOC,LOC-Ljubljana-Jože-Pučnik-Airport,B-LOC
sl-38,11,35,letališču,letališče,letališče,Ncnsl,NOUN,I-LOC,LOC-Ljubljana-Jože-Pučnik-Airport,B-LOC
sl-38,11,36,Jožeta,Jožeta,Jože,Npmsg,PROPN,I-LOC,LOC-Ljubljana-Jože-Pučnik-Airport,I-LOC
sl-38,11,37,Pučnika,Pučnika,Pučnik,Npmsg,PROPN,I-LOC,LOC-Ljubljana-Jože-Pučnik-Airport,I-LOC
sl-38,11,38,.,,.,Z,PUNCT,O,,O
sl-38,12,1,Domnevajo,,domnevati,Vmpr3p,VERB,O,,O
sl-38,12,2,",",,",",Z,PUNCT,O,,O
sl-38,12,3,da,,da,Cs,SCONJ,O,,O
sl-38,12,4,bo,,biti,Va-f3s-n,AUX,O,,O
sl-38,12,5,Adria,Adria,Adria,Npfsn,PROPN,B-ORG,ORG-Adria-Airways,O
sl-38,12,6,Airways,Airways,Airways,Npfsn,PROPN,I-ORG,ORG-Adria-Airways,O
sl-38,12,7,kolapsirala,,kolapsirati,Vmbp-sf,VERB,O,,O
sl-38,12,8,.,,.,Z,PUNCT,O,,O
sl-38,12,9,«,,«,Z,PUNCT,O,,O
sl-38,12,10,Nekatere,,nekateri,Pi-mpa,DET,O,,O
sl-38,12,11,polete,,polet,Ncmpa,NOUN,O,,O
sl-38,12,12,AA,AA,AA,Npmsn,PROPN,B-ORG,ORG-Adria-Airways,B-ORG
sl-38,12,13,so,,biti,Va-r3p-n,AUX,O,,O
sl-38,12,14,že,,že,Q,PART,O,,O
sl-38,12,15,v,,v,Sl,ADP,O,,O
sl-38,12,16,preteklosti,,preteklost,Ncfsl,NOUN,O,,O
sl-38,12,17,prevzeli,,prevzeti,Vmep-pm,VERB,O,,O
sl-38,12,18,Poljaki,Poljaki,Poljak,Npmpn,PROPN,B-PER,GPE-Poland,B-PER
sl-38,12,19,in,,in,Cc,CCONJ,O,,O
sl-38,12,20,Rusi,Rusi,Rus,Npmpn,PROPN,B-PER,GPE-Russia,B-PER
sl-38,12,21,",",,",",Z,PUNCT,O,,O
sl-38,12,22,tudi,,tudi,Q,PART,O,,O
sl-38,12,23,Francozi,Francozi,Francoz,Npmpn,PROPN,B-PER,GPE-France,B-PER
sl-38,12,24,so,,biti,Va-r3p-n,VERB,O,,O
sl-38,12,25,v,,v,Sl,ADP,O,,O
sl-38,12,26,pripravljenosti,,pripravljenost,Ncfsl,NOUN,O,,O
sl-38,12,27,.,,.,Z,PUNCT,O,,O
sl-38,13,1,Pri,,pri,Sl,ADP,O,,O
sl-38,13,2,tem,,ta,Pd-nsl,DET,O,,O
sl-38,13,3,pa,,pa,Cc,CCONJ,O,,O
sl-38,13,4,–,,–,Z,PUNCT,O,,O
sl-38,13,5,zanimivo,,zanimiv,Agpnsn,ADJ,O,,O
sl-38,13,6,–,,–,Z,PUNCT,O,,O
sl-38,13,7,tujci,,tujec,Ncmpn,NOUN,O,,O
sl-38,13,8,opozarjajo,,opozarjati,Vmpr3p,VERB,O,,O
sl-38,13,9,",",,",",Z,PUNCT,O,,O
sl-38,13,10,da,,da,Cs,SCONJ,O,,O
sl-38,13,11,v,,v,Sa,ADP,O,,O
sl-38,13,12,Slovenijo,Slovenija,Slovenija,Npfsa,PROPN,B-LOC,GPE-Slovenia,B-LOC
sl-38,13,13,ne,,ne,Q,PART,O,,O
sl-38,13,14,letijo,,leteti,Vmpr3p,VERB,O,,O
sl-38,13,15,nemški,,nemški,Agpmpn,ADJ,O,,O
sl-38,13,16,avioprevozniki,,avioprevoznik,Ncmpn,NOUN,O,,O
sl-38,13,17,.,,.,Z,PUNCT,O,,O
sl-38,14,1,Nemci,Nemci,Nemec,Npmpn,PROPN,B-PER,GPE-Germany,O
sl-38,14,2,pa,,pa,Cc,CCONJ,O,,O
sl-38,14,3,so,,biti,Va-r3p-n,AUX,O,,O
sl-38,14,4,se,,se,Px------y,PRON,O,,O
sl-38,14,5,naučili,,naučiti,Vmep-pm,VERB,O,,O
sl-38,14,6,slovenskega,,slovenski,Agpmsg,ADJ,O,,O
sl-38,14,7,pregovora,,pregovor,Ncmsg,NOUN,O,,O
sl-38,14,8,o,,o,Sl,ADP,O,,O
sl-38,14,9,hudiču,,hudič,Ncmsl,NOUN,O,,O
sl-38,14,10,in,,in,Cc,CCONJ,O,,O
sl-38,14,11,mladih,,mlad,Agpmpl,ADJ,O,,O
sl-38,14,12,:,,:,Z,PUNCT,O,,O
sl-38,14,13,pod,,pod,Si,ADP,O,,O
sl-38,14,14,drobnogled,,drobnogled,Ncmsi,NOUN,O,,O
sl-38,14,15,Agencije,Agencije,agencija,Ncfsg,NOUN,B-ORG,ORG-Agency-for-Public-Oversight-of-Auditing,B-ORG
sl-38,14,16,za,za,za,Sa,ADP,I-ORG,ORG-Agency-for-Public-Oversight-of-Auditing,I-ORG
sl-38,14,17,javni,javni,javen,Agpmsay,ADJ,I-ORG,ORG-Agency-for-Public-Oversight-of-Auditing,I-ORG
sl-38,14,18,nadzor,nadzor,nadzor,Ncmsan,NOUN,I-ORG,ORG-Agency-for-Public-Oversight-of-Auditing,I-ORG
sl-38,14,19,nad,nad,nad,Si,ADP,I-ORG,ORG-Agency-for-Public-Oversight-of-Auditing,I-ORG
sl-38,14,20,revidiranjem,revidiranjem,revidiranje,Ncnsi,NOUN,I-ORG,ORG-Agency-for-Public-Oversight-of-Auditing,I-ORG
sl-38,14,21,(,,(,Z,PUNCT,O,,O
sl-38,14,22,AJNR,AJNR,AJNR,Npmsn,PROPN,B-ORG,ORG-Agency-for-Public-Oversight-of-Auditing,B-ORG
sl-38,14,23,),,),Z,PUNCT,O,,O
sl-38,14,24,so,,biti,Va-r3p-n,AUX,O,,O
sl-38,14,25,prišle,,priti,Vmep-pf,VERB,O,,O
sl-38,14,26,lanske,,lanski,Agpfpn,ADJ,O,,O
sl-38,14,27,bilance,,bilanca,Ncfpn,NOUN,O,,O
sl-38,14,28,AA,AA,AA,Npmsn,PROPN,B-ORG,ORG-Adria-Airways,B-ORG
sl-38,14,29,.,,.,Z,PUNCT,O,,O
sl-38,15,1,Domnevno,,domnevno,Rgp,ADV,O,,O
sl-38,15,2,naj,,naj,Q,PART,O,,O
sl-38,15,3,bi,,biti,Va-c,AUX,O,,O
sl-38,15,4,bil,,biti,Va-p-sm,AUX,O,,O
sl-38,15,5,možen,,možen,Agpmsnn,ADJ,O,,O
sl-38,15,6,razlog,,razlog,Ncmsn,NOUN,O,,O
sl-38,15,7,mahinacije,,mahinacija,Ncfsg,NOUN,O,,O
sl-38,15,8,z,,z,Si,ADP,O,,O
sl-38,15,9,blagovno,,blagoven,Agpfsi,ADJ,O,,O
sl-38,15,10,znamko,,znamka,Ncfsi,NOUN,O,,O
sl-38,15,11,Adria,Adria,Adria,Npfsn,PROPN,B-ORG,ORG-Adria-Airways,B-ORG
sl-38,15,12,",",,",",Z,PUNCT,O,,O
sl-38,15,13,ki,,ki,Cs,SCONJ,O,,O
sl-38,15,14,je,,biti,Va-r3s-n,AUX,O,,O
sl-38,15,15,vmes,,vmes,Rgp,ADV,O,,O
sl-38,15,16,spremenila,,spremeniti,Vmep-sf,VERB,O,,O
sl-38,15,17,lastnika,,lastnik,Ncmsay,NOUN,O,,O
sl-38,15,18,.,,.,Z,PUNCT,O,,O
sl-38,16,1,Ker,,ker,Cs,SCONJ,O,,O
sl-38,16,2,je,,biti,Va-r3s-n,AUX,O,,O
sl-38,16,3,na,,na,Sa,ADP,O,,O
sl-38,16,4,verodostojnost,,verodostojnost,Ncfsa,NOUN,O,,O
sl-38,16,5,bilance,,bilanca,Ncfsg,NOUN,O,,O
sl-38,16,6,vezana,,vezan,Appfsn,ADJ,O,,O
sl-38,16,7,licenca,,licenca,Ncfsn,NOUN,O,,O
sl-38,16,8,za,,za,Sa,ADP,O,,O
sl-38,16,9,letenje,,letenje,Ncnsa,NOUN,O,,O
sl-38,16,10,",",,",",Z,PUNCT,O,,O
sl-38,16,11,bi,,biti,Va-c,AUX,O,,O
sl-38,16,12,v,,v,Sl,ADP,O,,O
sl-38,16,13,primeru,,primer,Ncmsl,NOUN,O,,O
sl-38,16,14,črnega,,črn,Agpmsg,ADJ,O,,O
sl-38,16,15,scenarija,,scenarij,Ncmsg,NOUN,O,,O
sl-38,16,16,letala,,letalo,Ncnsg,NOUN,O,,O
sl-38,16,17,AA,AA,AA,Npmsn,PROPN,B-ORG,ORG-Adria-Airways,B-ORG
sl-38,16,18,ostala,,ostati,Vmep-sf,VERB,O,,O
sl-38,16,19,na,,na,Sl,ADP,O,,O
sl-38,16,20,tleh,,tla,Ncnpl,NOUN,O,,O
sl-38,16,21,",",,",",Z,PUNCT,O,,O
sl-38,16,22,kar,,kar,Pr-nsn,PRON,O,,O
sl-38,16,23,bi,,biti,Va-c,AUX,O,,O
sl-38,16,24,posledično,,posledično,Rgp,ADV,O,,O
sl-38,16,25,pomenilo,,pomeniti,Vmbp-sn,VERB,O,,O
sl-38,16,26,konec,,konec,Ncmsan,NOUN,O,,O
sl-38,16,27,družbe,,družba,Ncfsg,NOUN,O,,O
sl-38,16,28,",",,",",Z,PUNCT,O,,O
sl-38,16,29,kot,,kot,Cs,SCONJ,O,,O
sl-38,16,30,smo,,biti,Va-r1p-n,AUX,O,,O
sl-38,16,31,jo,,on,Pp3fsa--y,PRON,O,,O
sl-38,16,32,poznali,,poznati,Vmpp-pm,VERB,O,,O
sl-38,16,33,in,,in,Cc,CCONJ,O,,O
sl-38,16,34,živeli,,živeti,Vmpp-pm,VERB,O,,O
sl-38,16,35,z,,z,Si,ADP,O,,O
sl-38,16,36,njo,,on,Pp3fsi,PRON,O,,O
sl-38,16,37,.,,.,Z,PUNCT,O,,O
sl-38,17,1,Direktorica,,direktorica,Ncfsn,NOUN,O,,O
sl-38,17,2,AJNR,AJNR,AJNR,Npfsn,PROPN,B-ORG,ORG-Agency-for-Public-Oversight-of-Auditing,B-ORG
sl-38,17,3,Mojca,Mojca,Mojca,Npfsn,PROPN,B-PER,PER-Mojca-Majič,B-PER
sl-38,17,4,Majič,Majič,Majič,Npfsn,PROPN,I-PER,PER-Mojca-Majič,I-PER
sl-38,17,5,pravi,,praviti,Vmbr3s,VERB,O,,O
sl-38,17,6,:,,:,Z,PUNCT,O,,O
sl-38,17,7,»,,»,Z,PUNCT,O,,O
sl-38,17,8,Po,,po,Sl,ADP,O,,O
sl-38,17,9,zadnjih,,zadnji,Agpfpl,ADJ,O,,O
sl-38,17,10,informacijah,,informacija,Ncfpl,NOUN,O,,O
sl-38,17,11,revizijske,,revizijski,Agpfsg,ADJ,O,,O
sl-38,17,12,družbe,,družba,Ncfsg,NOUN,O,,O
sl-38,17,13,naj,,naj,Q,PART,O,,O
sl-38,17,14,bi,,biti,Va-c,AUX,O,,O
sl-38,17,15,bila,,biti,Va-p-sf,AUX,O,,O
sl-38,17,16,revizija,,revizija,Ncfsn,NOUN,O,,O
sl-38,17,17,zaključena,,zaključen,Appfsn,ADJ,O,,O
sl-38,17,18,predvidoma,,predvidoma,Rgp,ADV,O,,O
sl-38,17,19,v,,v,Sl,ADP,O,,O
sl-38,17,20,juliju,,julij,Ncmsl,NOUN,O,,O
sl-38,17,21,.,,.,Z,PUNCT,O,,O
sl-38,17,22,«,,«,Z,PUNCT,O,,O
sl-38,18,1,Tudi,,tudi,Q,PART,O,,O
sl-38,18,2,dodatni,,dodaten,Agpmpn,ADJ,O,,O
sl-38,18,3,podatki,,podatek,Ncmpn,NOUN,O,,O
sl-38,18,4,",",,",",Z,PUNCT,O,,O
sl-38,18,5,ki,,ki,Cs,SCONJ,O,,O
sl-38,18,6,te,,ta,Pd-mpa,DET,O,,O
sl-38,18,7,dni,,dan,Ncmpa,NOUN,O,,O
sl-38,18,8,prihajajo,,prihajati,Vmpr3p,VERB,O,,O
sl-38,18,9,v,,v,Sa,ADP,O,,O
sl-38,18,10,javnost,,javnost,Ncfsa,NOUN,O,,O
sl-38,18,11,",",,",",Z,PUNCT,O,,O
sl-38,18,12,niso,,biti,Va-r3p-y,AUX,O,,O
sl-38,18,13,vzpodbudni,,vzpodbuden,Agpmpn,ADJ,O,,O
sl-38,18,14,–,,–,Z,PUNCT,O,,O
sl-38,18,15,ob,,ob,Sl,ADP,O,,O
sl-38,18,16,še,,še,Q,PART,O,,O
sl-38,18,17,vedno,,vedno,Rgp,ADV,O,,O
sl-38,18,18,obstoječih,,obstoječ,Appfpl,ADJ,O,,O
sl-38,18,19,zamudah,,zamuda,Ncfpl,NOUN,O,,O
sl-38,18,20,in,,in,Cc,CCONJ,O,,O
sl-38,18,21,prestavitvah,,prestavitev,Ncfpl,NOUN,O,,O
sl-38,18,22,poletov,,polet,Ncmpg,NOUN,O,,O
sl-38,18,23,se,,se,Px------y,PRON,O,,O
sl-38,18,24,zdaj,,zdaj,Rgp,ADV,O,,O
sl-38,18,25,glasno,,glasno,Rgp,ADV,O,,O
sl-38,18,26,govori,,govoriti,Vmpr3s,VERB,O,,O
sl-38,18,27,o,,o,Sl,ADP,O,,O
sl-38,18,28,utrujenosti,,utrujenost,Ncfsl,NOUN,O,,O
sl-38,18,29,pilotov,,pilot,Ncmpg,NOUN,O,,O
sl-38,18,30,",",,",",Z,PUNCT,O,,O
sl-38,18,31,pa,,pa,Cc,CCONJ,O,,O
sl-38,18,32,izplačilu,,izplačilo,Ncnsd,NOUN,O,,O
sl-38,18,33,plače,,plača,Ncfsg,NOUN,O,,O
sl-38,18,34,v,,v,Sl,ADP,O,,O
sl-38,18,35,dveh,,dva,Mlcmdl,NUM,O,,O
sl-38,18,36,delih,,del,Ncmdl,NOUN,O,,O
sl-38,18,37,",",,",",Z,PUNCT,O,,O
sl-38,18,38,udobje,,udobje,Ncnsn,NOUN,O,,O
sl-38,18,39,je,,biti,Va-r3s-n,AUX,O,,O
sl-38,18,40,odšlo,,oditi,Vmep-sn,VERB,O,,O
sl-38,18,41,neznano,,neznan,Agpnsn,ADJ,O,,O
sl-38,18,42,kam,,kam,Rgp,ADV,O,,O
sl-38,18,43,:,,:,Z,PUNCT,O,,O
sl-38,18,44,»,,»,Z,PUNCT,O,,O
sl-38,18,45,AA,AA,aa,I,INTJ,B-ORG,ORG-Adria-Airways,O
sl-38,18,46,",",,",",Z,PUNCT,O,,O
sl-38,18,47,ali,,ali,Rgp,ADV,O,,O
sl-38,18,48,se,,se,Px------y,PRON,O,,O
sl-38,18,49,hecate,,hecati,Vmpr2p,VERB,O,,O
sl-38,18,50,?,,?,Z,PUNCT,O,,O
sl-38,19,1,Poslovni,,posloven,Agpmsny,ADJ,O,,O
sl-38,19,2,razred,,razred,Ncmsn,NOUN,O,,O
sl-38,19,3,?,,?,Z,PUNCT,O,,O
sl-38,20,1,Kaj,,kaj,Pq-nsn,PRON,O,,O
sl-38,20,2,je,,biti,Va-r3s-n,VERB,O,,O
sl-38,20,3,s,,z,Si,ADP,O,,O
sl-38,20,4,prostorom,,prostor,Ncmsi,NOUN,O,,O
sl-38,20,5,za,,za,Sa,ADP,O,,O
sl-38,20,6,noge,,noga,Ncfpa,NOUN,O,,O
sl-38,20,7,?,,?,Z,PUNCT,O,,O
sl-38,21,1,Celo,,celo,Q,PART,O,,O
sl-38,21,2,Ryanair,Ryanair,Ryanair,Npmsn,PROPN,B-ORG,ORG-Ryanair,B-LOC
sl-38,21,3,ima,,imeti,Vmpr3s-n,VERB,O,,O
sl-38,21,4,več,,več,Rgc,DET,O,,O
sl-38,21,5,prostora,,prostor,Ncmsg,NOUN,O,,O
sl-38,21,6,",",,",",Z,PUNCT,O,,O
sl-38,21,7,to,,ta,Pd-nsn,DET,O,,O
sl-38,21,8,je,,biti,Va-r3s-n,AUX,O,,O
sl-38,21,9,preprosto,,preprosto,Rgp,ADV,O,,O
sl-38,21,10,ubogo,,ubog,Agpnsn,ADJ,O,,O
sl-38,21,11,",",,",",Z,PUNCT,O,,O
sl-38,21,12,«,,«,Z,PUNCT,O,,O
sl-38,21,13,bi,,biti,Va-c,AUX,O,,O
sl-38,21,14,iz,,iz,Sg,ADP,O,,O
sl-38,21,15,angleščine,,angleščina,Ncfsg,NOUN,O,,B-ORG
sl-38,21,16,prevedli,,prevesti,Vmep-pm,VERB,O,,O
sl-38,21,17,izjavo,,izjava,Ncfsa,NOUN,O,,O
sl-38,21,18,Mihe,Miha,Miha,Npmsg,PROPN,B-PER,PER-Miha,B-PER
sl-38,21,19,",",,",",Z,PUNCT,O,,O
sl-38,21,20,ki,,ki,Cs,SCONJ,O,,O
sl-38,21,21,je,,biti,Va-r3s-n,AUX,O,,O
sl-38,21,22,razočaranje,,razočaranje,Ncnsa,NOUN,O,,O
sl-38,21,23,nad,,nad,Si,ADP,O,,O
sl-38,21,24,poletom,,polet,Ncmsi,NOUN,O,,O
sl-38,21,25,v,,v,Sa,ADP,O,,O
sl-38,21,26,nedeljo,,nedelja,Ncfsa,NOUN,O,,O
sl-38,21,27,tudi,,tudi,Q,PART,O,,O
sl-38,21,28,poslikal,,poslikati,Vmep-sm,VERB,O,,O
sl-38,21,29,.,,.,Z,PUNCT,O,,O
sl-38,22,1,Nič,,nič,Pz-nsn,PRON,O,,O
sl-38,22,2,nenavadnega,,nenavaden,Agpnsg,ADJ,O,,O
sl-38,22,3,",",,",",Z,PUNCT,O,,O
sl-38,22,4,da,,da,Cs,SCONJ,O,,O
sl-38,22,5,je,,biti,Va-r3s-n,AUX,O,,O
sl-38,22,6,poslovni,,posloven,Agpmsny,ADJ,O,,O
sl-38,22,7,portal,,portal,Ncmsn,NOUN,O,,O
sl-38,22,8,Bloomberg,Bloomberg,Bloomberg,Npmsn,PROPN,B-PRO,PRO-Bloomberg,B-PRO
sl-38,22,9,uvrstil,,uvrstiti,Vmep-sm,VERB,O,,O
sl-38,22,10,AA,AA,AA,Npmsn,PROPN,B-ORG,ORG-Adria-Airways,B-ORG
sl-38,22,11,med,,med,Sa,ADP,O,,O
sl-38,22,12,deset,,deset,Mlc-pa,NUM,O,,O
sl-38,22,13,najslabših,,slab,Agsfpg,ADJ,O,,O
sl-38,22,14,letalskih,,letalski,Agpfpg,ADJ,O,,O
sl-38,22,15,družb,,družba,Ncfpg,NOUN,O,,O
sl-38,22,16,na,,na,Sl,ADP,O,,O
sl-38,22,17,svetu,,svet,Ncmsl,NOUN,O,,O
sl-38,22,18,v,,v,Sl,ADP,O,,O
sl-38,22,19,2019.,,2019.,Mdo,NUM,O,,O
sl-38,22,20,!,,!,Z,PUNCT,O,,O
sl-38,23,1,Generali,,general,Ncmpn,NOUN,O,,O
sl-38,23,2,po,,po,Sl,ADP,O,,O
sl-38,23,3,bitki,,bitka,Ncfsl,NOUN,O,,O
sl-38,24,1,AA,AA,AA,Npmsn,PROPN,B-ORG,ORG-Adria-Airways,B-LOC
sl-38,24,2,pa,,pa,Cc,CCONJ,O,,O
sl-38,24,3,vse,,vse,Rgp,ADV,O,,O
sl-38,24,4,bolj,,bolj,Rgc,ADV,O,,O
sl-38,24,5,znova,,znova,Rgp,ADV,O,,O
sl-38,24,6,postaja,,postajati,Vmpr3s,VERB,O,,O
sl-38,24,7,politična,,političen,Agpfsn,ADJ,O,,O
sl-38,24,8,tema,,tema,Ncfsn,NOUN,O,,O
sl-38,24,9,:,,:,Z,PUNCT,O,,O
sl-38,24,10,v,,v,Sl,ADP,O,,O
sl-38,24,11,torkovem,,torkov,Aspmsl,ADJ,O,,O
sl-38,24,12,parlamentarnem,,parlamentaren,Agpmsl,ADJ,O,,O
sl-38,24,13,dvoboju,,dvoboj,Ncmsl,NOUN,O,,O
sl-38,24,14,premierja,,premier,Ncmsg,NOUN,O,,O
sl-38,24,15,Marjana,Marjan,Marjan,Npmsg,PROPN,B-PER,PER-Marjan-Šarec,B-PER
sl-38,24,16,Šarca,Šarec,Šarec,Npmsg,PROPN,I-PER,PER-Marjan-Šarec,I-PER
sl-38,24,17,in,,in,Cc,CCONJ,O,,O
sl-38,24,18,Anžeta,Anže,Anže,Npmsg,PROPN,B-PER,PER-Anže-Logar,B-PER
sl-38,24,19,Logarja,Logar,Logar,Npmsg,PROPN,I-PER,PER-Anže-Logar,I-PER
sl-38,24,20,(,,(,Z,PUNCT,O,,O
sl-38,24,21,SDS,SDS,SDS,Npfsn,PROPN,B-ORG,ORG-Slovenian-Democratic-Party,B-ORG
sl-38,24,22,),,),Z,PUNCT,O,,O
sl-38,24,23,je,,biti,Va-r3s-n,AUX,O,,O
sl-38,24,24,prvi,,prvi,Mlomsn,ADJ,O,,O
sl-38,24,25,mož,,mož,Ncmsn,NOUN,O,,O
sl-38,24,26,vlade,,vlada,Ncfsg,NOUN,O,,O
sl-38,24,27,med,,med,Si,ADP,O,,O
sl-38,24,28,prerekanjem,,prerekanje,Ncnsi,NOUN,O,,O
sl-38,24,29,o,,o,Sl,ADP,O,,O
sl-38,24,30,načinih,,način,Ncmpl,NOUN,O,,O
sl-38,24,31,privatizacije,,privatizacija,Ncfsg,NOUN,O,,O
sl-38,24,32,navrgel,,navreči,Vmep-sm,VERB,O,,O
sl-38,24,33,:,,:,Z,PUNCT,O,,O
sl-38,24,34,»,,»,Z,PUNCT,O,,O
sl-38,24,35,Tukaj,,tukaj,Rgp,ADV,O,,O
sl-38,24,36,imam,,imeti,Vmpr1s-n,VERB,O,,O
sl-38,24,37,v,,v,Sl,ADP,O,,O
sl-38,24,38,mislih,,misel,Ncfpl,NOUN,O,,O
sl-38,24,39,predvsem,,predvsem,Q,PART,O,,O
sl-38,24,40,splošno,,splošen,Agpfsa,ADJ,O,,O
sl-38,24,41,prakso,,praksa,Ncfsa,NOUN,O,,O
sl-38,24,42,",",,",",Z,PUNCT,O,,O
sl-38,24,43,ko,,ko,Cs,SCONJ,O,,O
sl-38,24,44,se,,se,Px------y,PRON,O,,O
sl-38,24,45,je,,biti,Va-r3s-n,AUX,O,,O
sl-38,24,46,prodajalo,,prodajati,Vmpp-sn,VERB,O,,O
sl-38,24,47,skladom,,sklad,Ncmpd,NOUN,O,,O
sl-38,24,48,",",,",",Z,PUNCT,O,,O
sl-38,24,49,recimo,,reči,Vmem1p,VERB,O,,O
sl-38,24,50,Adria,Adria,Adria,Npfsn,PROPN,B-ORG,ORG-Adria-Airways,B-ORG
sl-38,24,51,Airways,Airways,Airways,Npfsn,PROPN,I-ORG,ORG-Adria-Airways,I-ORG
sl-38,24,52,se,,se,Px------y,PRON,O,,O
sl-38,24,53,je,,biti,Va-r3s-n,AUX,O,,O
sl-38,24,54,prodala,,prodati,Vmep-sf,VERB,O,,O
sl-38,24,55,skladu,,sklad,Ncmsd,NOUN,O,,O
sl-38,24,56,",",,",",Z,PUNCT,O,,O
sl-38,24,57,pa,,pa,Cc,CCONJ,O,,O
sl-38,24,58,vidimo,,videti,Vmbr1p,VERB,O,,O
sl-38,24,59,",",,",",Z,PUNCT,O,,O
sl-38,24,60,kje,,kje,Rgp,ADV,O,,O
sl-38,24,61,smo,,biti,Va-r1p-n,AUX,O,,O
sl-38,24,62,.,,.,Z,PUNCT,O,,O
sl-38,24,63,«,,«,Z,PUNCT,O,,O
sl-38,24,64,Nekdanja,,nekdanji,Agpfsn,ADJ,O,,O
sl-38,24,65,premierka,,premierka,Ncfsn,NOUN,O,,O
sl-38,24,66,Alenka,Alenka,Alenka,Npfsn,PROPN,B-PER,PER-Alenka-Bratušek,B-PER
sl-38,24,67,Bratušek,Bratušek,Bratušek,Npfsn,PROPN,I-PER,PER-Alenka-Bratušek,I-PER
sl-38,24,68,pravi,,praviti,Vmbr3s,VERB,O,,O
sl-38,24,69,",",,",",Z,PUNCT,O,,O
sl-38,24,70,da,,da,Cs,SCONJ,O,,O
sl-38,24,71,je,,biti,Va-r3s-n,AUX,O,,O
sl-38,24,72,kot,,kot,Cs,SCONJ,O,,O
sl-38,24,73,poslanka,,poslanka,Ncfsn,NOUN,O,,O
sl-38,24,74,ob,,ob,Sl,ADP,O,,O
sl-38,24,75,prodaji,,prodaja,Ncfsl,NOUN,O,,O
sl-38,24,76,AA,AA,AA,Npmsn,PROPN,B-ORG,ORG-Adria-Airways,B-ORG
sl-38,24,77,»,,»,Z,PUNCT,O,,O
sl-38,24,78,opozarjala,,opozarjati,Vmpp-sf,VERB,O,,O
sl-38,24,79,",",,",",Z,PUNCT,O,,O
sl-38,24,80,da,,da,Cs,SCONJ,O,,O
sl-38,24,81,Slovenski,Slovenski,slovenski,Agpmsny,ADJ,B-ORG,ORG-Slovenian-Sovereign-Holding,B-ORG
sl-38,24,82,državni,državni,državen,Agpmsny,ADJ,I-ORG,ORG-Slovenian-Sovereign-Holding,I-ORG
sl-38,24,83,holding,holding,holding,Ncmsn,NOUN,I-ORG,ORG-Slovenian-Sovereign-Holding,I-ORG
sl-38,24,84,ni,,biti,Va-r3s-y,AUX,O,,O
sl-38,24,85,našel,,najti,Vmep-sm,VERB,O,,O
sl-38,24,86,strateškega,,strateški,Agpmsg,ADJ,O,,O
sl-38,24,87,partnerja,,partner,Ncmsg,NOUN,O,,O
sl-38,24,88,",",,",",Z,PUNCT,O,,O
sl-38,24,89,temveč,,temveč,Cc,CCONJ,O,,O
sl-38,24,90,finančni,,finančen,Agpmsny,ADJ,O,,O
sl-38,24,91,sklad,,sklad,Ncmsn,NOUN,O,,O
sl-38,24,92,",",,",",Z,PUNCT,O,,
sl-38,24,93,ki,,ki,Cs,SCONJ,O,,
sl-38,24,94,je,,biti,Va-r3s-n,AUX,O,,
sl-38,24,95,že,,že,Q,PART,O,,
sl-38,24,96,nekaj,,nekaj,Rgp,DET,O,,
sl-38,24,97,podjetij,,podjetje,Ncnpg,NOUN,O,,
sl-38,24,98,potopil,,potopiti,Vmep-sm,VERB,O,,
sl-38,24,99,«,,«,Z,PUNCT,O,,
sl-38,24,100,.,,.,Z,PUNCT,O,,
sl-38,25,1,Adrii,Adria,Adria,Npfsd,PROPN,B-ORG,ORG-Adria-Airways,B-ORG
sl-38,25,2,je,,biti,Va-r3s-n,AUX,O,,O
sl-38,25,3,pod,,pod,Si,ADP,O,,O
sl-38,25,4,Nemci,Nemci,Nemec,Npmpi,PROPN,B-PER,GPE-Germany,B-ORG
sl-38,25,5,uspel,,uspeti,Vmep-sm,VERB,O,,O
sl-38,25,6,preboj,,preboj,Ncmsn,NOUN,O,,O
sl-38,25,7,med,,med,Sa,ADP,O,,O
sl-38,25,8,deset,,deset,Mlc-pa,NUM,O,,O
sl-38,25,9,najslabših,,slab,Agsmpg,ADJ,O,,O
sl-38,25,10,aeroprevoznikov,,aeroprevoznik,Ncmpg,NOUN,O,,O
sl-38,25,11,na,,na,Sl,ADP,O,,O
sl-38,25,12,svetu,,svet,Ncmsl,NOUN,O,,O
sl-38,25,13,.,,.,Z,PUNCT,O,,O
sl-38,26,1,FOTO,,foto,Ncmsn,NOUN,O,,B-LOC
sl-38,26,2,:,,:,Z,PUNCT,O,,O
sl-38,26,3,Bloomberg,Bloomberg,Bloomberg,Npmsn,PROPN,B-PRO,PRO-Bloomberg,B-PRO
sl-38,27,1,To,,ta,Pd-nsn,DET,O,,O
sl-38,27,2,",",,",",Z,PUNCT,O,,O
sl-38,27,3,kje,,kje,Rgp,ADV,O,,O
sl-38,27,4,smo,,biti,Va-r1p-n,AUX,O,,O
sl-38,27,5,",",,",",Z,PUNCT,O,,O
sl-38,27,6,je,,biti,Va-r3s-n,AUX,O,,O
sl-38,27,7,v,,v,Sa,ADP,O,,O
sl-38,27,8,petek,,petek,Ncmsan,NOUN,O,,O
sl-38,27,9,povedala,,povedati,Vmep-sf,VERB,O,,O
sl-38,27,10,tudi,,tudi,Q,PART,O,,O
sl-38,27,11,evropska,,evropski,Agpfsn,ADJ,O,,O
sl-38,27,12,komisarka,,komisarka,Ncfsn,NOUN,O,,O
sl-38,27,13,za,,za,Sa,ADP,O,,O
sl-38,27,14,transport,,transport,Ncmsan,NOUN,O,,O
sl-38,27,15,Violeta,Violeta,Violeta,Npfsn,PROPN,B-PER,PER-Violeta-Bulc,B-PER
sl-38,27,16,Bulc,Bulc,Bulc,Npfsn,PROPN,I-PER,PER-Violeta-Bulc,I-PER
sl-38,27,17,:,,:,Z,PUNCT,O,,O
sl-38,27,18,»,,»,Z,PUNCT,O,,O
sl-38,27,19,Zaradi,,zaradi,Sg,ADP,O,,O
sl-38,27,20,EU,EU,EU,Npfsg,PROPN,B-ORG,ORG-European-Union,O
sl-38,27,21,imajo,,imeti,Vmpr3p-n,VERB,O,,O
sl-38,27,22,potniki,,potnik,Ncmpn,NOUN,O,,O
sl-38,27,23,",",,",",Z,PUNCT,O,,O
sl-38,27,24,katerih,,kateri,Pq-mpg,DET,O,,O
sl-38,27,25,poleti,,poleti,Rgp,ADV,O,,O
sl-38,27,26,so,,biti,Va-r3p-n,AUX,O,,O
sl-38,27,27,bili,,biti,Va-p-pm,AUX,O,,O
sl-38,27,28,odpovedani,,odpovedan,Appmpn,ADJ,O,,O
sl-38,27,29,",",,",",Z,PUNCT,O,,O
sl-38,27,30,številne,,številen,Agpfpn,ADJ,O,,O
sl-38,27,31,pravice,,pravica,Ncfpn,NOUN,O,,O
sl-38,27,32,:,,:,Z,PUNCT,O,,O
sl-38,27,33,povračilo,,povračilo,Ncnsn,NOUN,O,,O
sl-38,27,34,denarja,,denar,Ncmsg,NOUN,O,,O
sl-38,27,35,",",,",",Z,PUNCT,O,,O
sl-38,27,36,sprememba,,sprememba,Ncfsn,NOUN,O,,O
sl-38,27,37,poti,,pot,Ncfsg,NOUN,O,,O
sl-38,27,38,ali,,ali,Cc,CCONJ,O,,O
sl-38,27,39,vrnitev,,vrnitev,Ncfsn,NOUN,O,,O
sl-38,27,40,ter,,ter,Cc,CCONJ,O,,O
sl-38,27,41,pravico,,pravica,Ncfsa,NOUN,O,,O
sl-38,27,42,do,,do,Sg,ADP,O,,O
sl-38,27,43,pomoči,,pomoč,Ncfsg,NOUN,O,,O
sl-38,27,44,in,,in,Cc,CCONJ,O,,O
sl-38,27,45,v,,v,Sl,ADP,O,,O
sl-38,27,46,določenih,,določen,Appmpl,ADJ,O,,O
sl-38,27,47,primerih,,primer,Ncmpl,NOUN,O,,O
sl-38,27,48,pravico,,pravica,Ncfsa,NOUN,O,,O
sl-38,27,49,do,,do,Sg,ADP,O,,O
sl-38,27,50,odškodnine,,odškodnina,Ncfsg,NOUN,O,,O
sl-38,27,51,.,,.,Z,PUNCT,O,,O
sl-38,28,1,Pričakujemo,,pričakovati,Vmpr1p,VERB,O,,O
sl-38,28,2,",",,",",Z,PUNCT,O,,O
sl-38,28,3,da,,da,Cs,SCONJ,O,,O
sl-38,28,4,bo,,biti,Va-f3s-n,AUX,O,,O
sl-38,28,5,Adria,Adria,Adria,Npfsn,PROPN,B-ORG,ORG-Adria-Airways,B-ORG
sl-38,28,6,Airways,Airways,Airways,Npfsn,PROPN,I-ORG,ORG-Adria-Airways,I-ORG
sl-38,28,7,v,,v,Sl,ADP,O,,O
sl-38,28,8,celoti,,celota,Ncfsl,NOUN,O,,O
sl-38,28,9,spoštovala,,spoštovati,Vmpp-sf,VERB,O,,O
sl-38,28,10,te,,ta,Pd-fpa,DET,O,,O
sl-38,28,11,pravice,,pravica,Ncfpa,NOUN,O,,O
sl-38,28,12,.,,.,Z,PUNCT,O,,O
sl-38,28,13,«,,«,Z,PUNCT,O,,O
sl-38,28,14,AA,AA,AA,Npmsn,PROPN,B-ORG,ORG-Adria-Airways,O
sl-38,28,15,jih,,on,Pp3mpa--y,PRON,O,,O
sl-38,28,16,po,,po,Sl,ADP,O,,O
sl-38,28,17,izjavah,,izjava,Ncfpl,NOUN,O,,O
sl-38,28,18,številnih,,številen,Agpmpg,ADJ,O,,O
sl-38,28,19,ne,,ne,Q,PART,O,,O
sl-38,28,20,spoštuje,,spoštovati,Vmpr3s,VERB,O,,O
sl-38,28,21,",",,",",Z,PUNCT,O,,O
sl-38,28,22,saj,,saj,Cc,CCONJ,O,,O
sl-38,28,23,na,,na,Sa,ADP,O,,O
sl-38,28,24,odgovore,,odgovor,Ncmpa,NOUN,O,,O
sl-38,28,25,in,,in,Cc,CCONJ,O,,O
sl-38,28,26,odškodnine,,odškodnina,Ncfpa,NOUN,O,,O
sl-38,28,27,številni,,številen,Agpmpn,ADJ,O,,O
sl-38,28,28,potniki,,potnik,Ncmpn,NOUN,O,,O
sl-38,28,29,čakajo,,čakati,Vmpr3p,VERB,O,,O
sl-38,28,30,dolgo,,dolgo,Rgp,ADV,O,,O
sl-38,28,31,in,,in,Cc,CCONJ,O,,O
sl-38,28,32,dlje,,dolgo,Rgc,ADV,O,,O
sl-38,28,33,",",,",",Z,PUNCT,O,,O
sl-38,28,34,kot,,kot,Cs,SCONJ,O,,O
sl-38,28,35,to,,ta,Pd-nsn,DET,O,,O
sl-38,28,36,predvideva,,predvidevati,Vmpr3s,VERB,O,,O
sl-38,28,37,pravilnik,,pravilnik,Ncmsn,NOUN,O,,O
sl-38,28,38,EU,EU,EU,Npfsg,PROPN,B-ORG,ORG-European-Union,B-ORG
sl-38,28,39,.,,.,Z,PUNCT,O,,O
sl-38,29,1,-,,-,Z,PUNCT,O,,O
sl-38,29,2,krat,,krat,Rgp,ADV,O,,O
sl-38,29,3,so,,biti,Va-r3p-n,AUX,O,,O
sl-38,29,4,že,,že,Q,PART,O,,B-PER
sl-38,29,5,Gregorju,Gregor,Gregor,Npmsd,PROPN,B-PER,PER-Gregor-Virant,O
sl-38,29,6,Virantu,Virant,Virant,Npmsd,PROPN,I-PER,PER-Gregor-Virant,O
sl-38,29,7,odpovedali,,odpovedati,Vmep-pm,VERB,O,,O
sl-38,29,8,polet,,polet,Ncmsan,NOUN,O,,O
sl-38,29,9,.,,.,Z,PUNCT,O,,O
sl-38,30,1,Adria,Adria,Adria,Npfsn,PROPN,B-ORG,ORG-Adria-Airways,B-ORG
sl-38,30,2,ima,,imeti,Vmpr3s-n,VERB,O,,O
sl-38,30,3,nekaj,,nekaj,Rgp,DET,O,,O
sl-38,30,4,možnih,,možen,Agpmpg,ADJ,O,,O
sl-38,30,5,scenarijev,,scenarij,Ncmpg,NOUN,O,,O
sl-38,30,6,",",,",",Z,PUNCT,O,,O
sl-38,30,7,izguba,,izguba,Ncfsn,NOUN,O,,O
sl-38,30,8,licence,,licenca,Ncfsg,NOUN,O,,O
sl-38,30,9,je,,biti,Va-r3s-n,AUX,O,,O
sl-38,30,10,eden,,eden,Mlpmsn,NUM,O,,O
sl-38,30,11,izmed,,izmed,Sg,ADP,O,,O
sl-38,30,12,njih,,on,Pp3mpg,PRON,O,,O
sl-38,30,13,:,,:,Z,PUNCT,O,,O
sl-38,30,14,vlada,,vlada,Ncfsn,NOUN,O,,O
sl-38,30,15,lahko,,lahko,Rgp,ADV,O,,O
sl-38,30,16,opravi,,opraviti,Vmer3s,VERB,O,,O
sl-38,30,17,revizijo,,revizija,Ncfsa,NOUN,O,,O
sl-38,30,18,posla,,posel,Ncmsg,NOUN,O,,O
sl-38,30,19,",",,",",Z,PUNCT,O,,O
sl-38,30,20,AA,AA,AA,Npmsn,PROPN,B-ORG,ORG-Adria-Airways,O
sl-38,30,21,bi,,biti,Va-c,AUX,O,,O
sl-38,30,22,lahko,,lahko,Rgp,ADV,O,,O
sl-38,30,23,lastniki,,lastnik,Ncmpn,NOUN,O,,O
sl-38,30,24,tudi,,tudi,Q,PART,O,,O
sl-38,30,25,prodali,,prodati,Vmep-pm,VERB,O,,O
sl-38,30,26,",",,",",Z,PUNCT,O,,O
sl-38,30,27,lahko,,lahko,Rgp,ADV,O,,O
sl-38,30,28,pa,,pa,Cc,CCONJ,O,,O
sl-38,30,29,gre,,iti,Vmbr3s,VERB,O,,O
sl-38,30,30,v,,v,Sa,ADP,O,,O
sl-38,30,31,stečaj,,stečaj,Ncmsan,NOUN,O,,O
sl-38,30,32,.,,.,Z,PUNCT,O,,O
sl-38,31,1,Preproste,,preprost,Agpfsg,ADJ,O,,O
sl-38,31,2,rešitve,,rešitev,Ncfsg,NOUN,O,,O
sl-38,31,3,že,,že,Q,PART,O,,O
sl-38,31,4,dolgo,,dolgo,Rgp,ADV,O,,O
sl-38,31,5,ni,,biti,Va-r3s-y,VERB,O,,O
sl-38,31,6,več,,več,Q,PART,O,,O
sl-38,31,7,na,,na,Sl,ADP,O,,O
sl-38,31,8,obzorju,,obzorje,Ncnsl,NOUN,O,,O
sl-38,31,9,.,,.,Z,PUNCT,O,,O
sl-38,32,1,Na,,na,Sl,ADP,O,,O
sl-38,32,2,AA,AA,AA,Npmsn,PROPN,B-ORG,ORG-Adria-Airways,O
sl-38,32,3,smo,,biti,Va-r1p-n,AUX,O,,O
sl-38,32,4,naslovili,,nasloviti,Vmep-pm,VERB,O,,O
sl-38,32,5,kup,,kup,Ncmsan,NOUN,O,,O
sl-38,32,6,vprašanj,,vprašanje,Ncnpg,NOUN,O,,O
sl-38,32,7,",",,",",Z,PUNCT,O,,O
sl-38,32,8,a,,a,Cc,CCONJ,O,,O
sl-38,32,9,odgovorov,,odgovor,Ncmpg,NOUN,O,,O
sl-38,32,10,do,,do,Sg,ADP,O,,O
sl-38,32,11,zaključka,,zaključek,Ncmsg,NOUN,O,,O
sl-38,32,12,redakcije,,redakcija,Ncfsg,NOUN,O,,O
sl-38,32,13,nismo,,biti,Va-r1p-y,AUX,O,,O
sl-38,32,14,prejeli,,prejeti,Vmep-pm,VERB,O,,O
sl-38,32,15,.,,.,Z,PUNCT,O,,O
sl-38,33,1,Po,,po,Sl,ADP,O,,O
sl-38,33,2,naših,,naš,Ps1fplp,DET,O,,O
sl-38,33,3,informacijah,,informacija,Ncfpl,NOUN,O,,O
sl-38,33,4,iz,,iz,Sg,ADP,O,,O
sl-38,33,5,dobro,,dobro,Rgp,ADV,O,,O
sl-38,33,6,obveščenih,,obveščen,Appmpg,ADJ,O,,O
sl-38,33,7,letalskih,,letalski,Agpmpg,ADJ,O,,O
sl-38,33,8,krogov,,krog,Ncmpg,NOUN,O,,O
sl-38,33,9,naj,,naj,Q,PART,O,,O
sl-38,33,10,bi,,biti,Va-c,AUX,O,,O
sl-38,33,11,bila,,biti,Va-p-sf,AUX,O,,O
sl-38,33,12,usoda,,usoda,Ncfsn,NOUN,O,,O
sl-38,33,13,Adrie,Adria,Adria,Npfsg,PROPN,B-ORG,ORG-Adria-Airways,B-ORG
sl-38,33,14,znana,,znan,Appfsn,ADJ,O,,O
sl-38,33,15,konec,,konec,Sg,ADP,O,,O
sl-38,33,16,meseca,,mesec,Ncmsg,NOUN,O,,O
sl-38,33,17,oziroma,,oziroma,Cc,CCONJ,O,,O
sl-38,33,18,v,,v,Sl,ADP,O,,O
sl-38,33,19,prvem,,prvi,Mlomsl,ADJ,O,,O
sl-38,33,20,tednu,,teden,Ncmsl,NOUN,O,,O
sl-38,33,21,julija,,julij,Ncmsg,NOUN,O,,O
sl-38,33,22,.,,.,Z,PUNCT,O,,O
