docId,sentenceId,tokenId,text,lemma,calcLemma,upos,xpos,ner,clID,calcNER
sl-52,0,1,Gazprom,Gazprom,Gazprom,Npmsn,PROPN,B-ORG,ORG-Gazprom,B-ORG
sl-52,0,2,položil,,položiti,Vmep-sm,VERB,O,,O
sl-52,0,3,okoli,,okoli,Rgp,ADV,O,,O
sl-52,0,4,40,,40,Mdc,NUM,O,,O
sl-52,0,5,odstotkov,,odstotek,Ncmpg,NOUN,O,,O
sl-52,0,6,cevi,,cev,Ncfsg,NOUN,O,,O
sl-52,0,7,za,,za,Sa,ADP,O,,O
sl-52,0,8,plinovod,,plinovod,Ncmsan,NOUN,O,,O
sl-52,0,9,Severni,Severni,severen,Agpmsny,ADJ,B-PRO,PRO-Nord-Stream-2,B-PRO
sl-52,0,10,tok,tok,tok,Ncmsn,NOUN,I-PRO,PRO-Nord-Stream-2,I-PRO
sl-52,0,11,2,2,2,Mdc,NUM,I-PRO,PRO-Nord-Stream-2,I-PRO
sl-52,1,1,Ruski,,ruski,Agpmsny,ADJ,O,,O
sl-52,1,2,energetski,,energetski,Agpmsny,ADJ,O,,O
sl-52,1,3,velikan,,velikan,Ncmsn,NOUN,O,,O
sl-52,1,4,Gazprom,Gazprom,Gazprom,Npmsn,PROPN,B-ORG,ORG-Gazprom,B-ORG
sl-52,1,5,je,,biti,Va-r3s-n,AUX,O,,O
sl-52,1,6,do,,do,Sg,ADP,O,,O
sl-52,1,7,zdaj,,zdaj,Rgp,ADV,O,,O
sl-52,1,8,skupno,,skupno,Rgp,ADV,O,,O
sl-52,1,9,položil,,položiti,Vmep-sm,VERB,O,,O
sl-52,1,10,nekaj,,nekaj,Rgp,DET,O,,O
sl-52,1,11,manj,,manj,Rgc,DET,O,,O
sl-52,1,12,kot,,kot,Cs,SCONJ,O,,O
sl-52,1,13,1000,,1000,Mdc,NUM,O,,O
sl-52,1,14,kilometrov,,kilometer,Ncmpg,NOUN,O,,O
sl-52,1,15,cevi,,cev,Ncfpg,NOUN,O,,O
sl-52,1,16,za,,za,Sa,ADP,O,,O
sl-52,1,17,plinovod,,plinovod,Ncmsan,NOUN,O,,O
sl-52,1,18,Severni,Severni,severen,Agpmsny,ADJ,B-PRO,PRO-Nord-Stream-2,B-PRO
sl-52,1,19,tok,tok,tok,Ncmsn,NOUN,I-PRO,PRO-Nord-Stream-2,I-PRO
sl-52,1,20,2,2,2,Mdc,NUM,I-PRO,PRO-Nord-Stream-2,I-PRO
sl-52,1,21,",",,",",Z,PUNCT,O,,O
sl-52,1,22,so,,biti,Va-r3p-n,AUX,O,,O
sl-52,1,23,ta,,ta,Pd-msa,DET,O,,O
sl-52,1,24,teden,,teden,Ncmsan,NOUN,O,,O
sl-52,1,25,sporočili,,sporočiti,Vmep-pm,VERB,O,,O
sl-52,1,26,iz,,iz,Sg,ADP,O,,O
sl-52,1,27,družbe,,družba,Ncfsg,NOUN,O,,O
sl-52,1,28,.,,.,Z,PUNCT,O,,O
sl-52,2,1,To,,ta,Pd-nsn,DET,O,,O
sl-52,2,2,predstavlja,,predstavljati,Vmpr3s,VERB,O,,O
sl-52,2,3,okoli,,okoli,Rgp,ADV,O,,O
sl-52,2,4,40,,40,Mdc,NUM,O,,O
sl-52,2,5,odstotkov,,odstotek,Ncmpg,NOUN,O,,O
sl-52,2,6,1225,,1225,Mdc,NUM,O,,O
sl-52,2,7,kilometrov,,kilometer,Ncmpg,NOUN,O,,O
sl-52,2,8,dolgega,,dolg,Agpmsg,ADJ,O,,O
sl-52,2,9,dvocevnega,,dvoceven,Agpmsg,ADJ,O,,O
sl-52,2,10,plinovoda,,plinovod,Ncmsg,NOUN,O,,O
sl-52,2,11,po,,po,Sl,ADP,O,,O
sl-52,2,12,dnu,,dno,Ncnsl,NOUN,O,,O
sl-52,2,13,Baltika,Baltik,Baltik,Npmsg,PROPN,B-LOC,LOC-Baltic-Sea,B-LOC
sl-52,2,14,med,,med,Si,ADP,O,,O
sl-52,2,15,Rusijo,Rusija,Rusija,Npfsi,PROPN,B-LOC,GPE-Russia,B-LOC
sl-52,2,16,in,,in,Cc,CCONJ,O,,O
sl-52,2,17,Nemčijo,Nemčija,Nemčija,Npfsi,PROPN,B-LOC,GPE-Germany,B-LOC
sl-52,2,18,",",,",",Z,PUNCT,O,,O
sl-52,2,19,ki,,ki,Cs,SCONJ,O,,O
sl-52,2,20,bo,,biti,Va-f3s-n,AUX,O,,O
sl-52,2,21,dopolnil,,dopolniti,Vmep-sm,VERB,O,,O
sl-52,2,22,že,,že,Q,PART,O,,O
sl-52,2,23,obstoječi,,obstoječ,Appmsay,ADJ,O,,O
sl-52,2,24,plinovod,,plinovod,Ncmsan,NOUN,O,,O
sl-52,2,25,Severni,Severni,severen,Agpmsny,ADJ,B-PRO,PRO-Nord-Stream-1,B-PRO
sl-52,2,26,tok,tok,tok,Ncmsan,NOUN,I-PRO,PRO-Nord-Stream-1,I-PRO
sl-52,2,27,.,,.,Z,PUNCT,O,,O
sl-52,3,1,Gazprom,Gazprom,Gazprom,Npmsn,PROPN,B-ORG,ORG-Gazprom,B-ORG
sl-52,3,2,je,,biti,Va-r3s-n,AUX,O,,O
sl-52,3,3,novico,,novica,Ncfsa,NOUN,O,,O
sl-52,3,4,sporočil,,sporočiti,Vmep-sm,VERB,O,,O
sl-52,3,5,v,,v,Sl,ADP,O,,O
sl-52,3,6,sporočilu,,sporočilo,Ncnsl,NOUN,O,,O
sl-52,3,7,za,,za,Sa,ADP,O,,O
sl-52,3,8,javnost,,javnost,Ncfsa,NOUN,O,,O
sl-52,3,9,po,,po,Sl,ADP,O,,O
sl-52,3,10,pogovoru,,pogovor,Ncmsl,NOUN,O,,O
sl-52,3,11,med,,med,Si,ADP,O,,O
sl-52,3,12,glavnim,,glaven,Agpmsi,ADJ,O,,O
sl-52,3,13,izvršnim,,izvršen,Agpmsi,ADJ,O,,O
sl-52,3,14,direktorjem,,direktor,Ncmsi,NOUN,O,,O
sl-52,3,15,enega,,en,Mlpnsg,NUM,O,,O
sl-52,3,16,največjih,,velik,Agsnpg,ADJ,O,,O
sl-52,3,17,podjetij,,podjetje,Ncnpg,NOUN,O,,O
sl-52,3,18,na,,na,Sl,ADP,O,,O
sl-52,3,19,svetu,,svet,Ncmsl,NOUN,O,,O
sl-52,3,20,Aleksejem,Aleksej,Aleksej,Npmsi,PROPN,B-PER,PER-Aleksey-Miller,B-PER
sl-52,3,21,Millerjem,Miller,Miller,Npmsi,PROPN,I-PER,PER-Aleksey-Miller,I-PER
sl-52,3,22,in,,in,Cc,CCONJ,O,,O
sl-52,3,23,francosko,,francoski,Agpfsi,ADJ,O,,O
sl-52,3,24,veleposlanico,,veleposlanica,Ncfsi,NOUN,O,,O
sl-52,3,25,v,,v,Sl,ADP,O,,O
sl-52,3,26,Rusiji,Rusija,Rusija,Npfsl,PROPN,B-LOC,GPE-Russia,B-LOC
sl-52,3,27,Sylvie,Sylvie,Sylvie,Npfsn,PROPN,B-PER,PER-Sylvie-Agnès-Bermann,B-PER
sl-52,3,28,Bermann,Bermann,Bermann,Npfsn,PROPN,I-PER,PER-Sylvie-Agnès-Bermann,I-PER
sl-52,3,29,",",,",",Z,PUNCT,O,,O
sl-52,3,30,na,,na,Sl,ADP,O,,O
sl-52,3,31,katerem,,kateri,Pq-msl,DET,O,,O
sl-52,3,32,je,,biti,Va-r3s-n,AUX,O,,O
sl-52,3,33,bila,,biti,Va-p-sf,AUX,O,,O
sl-52,3,34,glavna,,glaven,Agpfsn,ADJ,O,,O
sl-52,3,35,tema,,tema,Ncfsn,NOUN,O,,O
sl-52,3,36,pogovorov,,pogovor,Ncmpg,NOUN,O,,O
sl-52,3,37,sicer,,sicer,Q,PART,O,,O
sl-52,3,38,sodelovanje,,sodelovanje,Ncnsn,NOUN,O,,O
sl-52,3,39,med,,med,Si,ADP,O,,O
sl-52,3,40,Gazpromom,Gazprom,Gazprom,Npmsi,PROPN,B-ORG,ORG-Gazprom,B-ORG
sl-52,3,41,in,,in,Cc,CCONJ,O,,O
sl-52,3,42,drugim,,drug,Mlpnsi,ADJ,O,,O
sl-52,3,43,največjim,,velik,Agsnsi,ADJ,O,,O
sl-52,3,44,evrskim,,evrski,Agpnsi,ADJ,O,,O
sl-52,3,45,gospodarstvom,,gospodarstvo,Ncnsi,NOUN,O,,O
sl-52,3,46,na,,na,Sl,ADP,O,,O
sl-52,3,47,področju,,področje,Ncnsl,NOUN,O,,O
sl-52,3,48,dobave,,dobava,Ncfsg,NOUN,O,,O
sl-52,3,49,plina,,plin,Ncmsg,NOUN,O,,O
sl-52,3,50,.,,.,Z,PUNCT,O,,O
sl-52,4,1,“,,“,Z,PUNCT,O,,O
sl-52,4,2,Posebno,,poseben,Agpfsa,ADJ,O,,O
sl-52,4,3,pozornost,,pozornost,Ncfsa,NOUN,O,,O
sl-52,4,4,so,,biti,Va-r3p-n,AUX,O,,O
sl-52,4,5,udeleženci,,udeleženec,Ncmpn,NOUN,O,,O
sl-52,4,6,sestanka,,sestanek,Ncmsg,NOUN,O,,O
sl-52,4,7,posvetili,,posvetiti,Vmep-pm,VERB,O,,O
sl-52,4,8,tudi,,tudi,Q,PART,O,,O
sl-52,4,9,uresničevanju,,uresničevanje,Ncnsd,NOUN,O,,O
sl-52,4,10,projekta,,projekt,Ncmsg,NOUN,O,,O
sl-52,4,11,Severni,Severni,severen,Agpmsny,ADJ,B-PRO,PRO-Nord-Stream-1,B-PRO
sl-52,4,12,tok,tok,tok,Ncmsn,NOUN,I-PRO,PRO-Nord-Stream-1,I-PRO
sl-52,4,13,2.,,2.,Mdo,NUM,O,,O
sl-52,4,14,Omenjeno,,omenjen,Appnsn,ADJ,O,,O
sl-52,4,15,je,,biti,Va-r3s-n,AUX,O,,O
sl-52,4,16,bilo,,biti,Va-p-sn,AUX,O,,O
sl-52,4,17,",",,",",Z,PUNCT,O,,O
sl-52,4,18,da,,da,Cs,SCONJ,O,,O
sl-52,4,19,je,,biti,Va-r3s-n,AUX,O,,O
sl-52,4,20,bilo,,biti,Va-p-sn,AUX,O,,O
sl-52,4,21,pod,,pod,Si,ADP,O,,O
sl-52,4,22,Baltskim,Baltsko,baltski,Agpnsi,ADJ,B-LOC,LOC-Baltic-Sea,B-LOC
sl-52,4,23,morjem,morje,morje,Ncnsi,NOUN,I-LOC,LOC-Baltic-Sea,O
sl-52,4,24,položeno,,položen,Appnsn,ADJ,O,,O
sl-52,4,25,že,,že,Q,PART,O,,O
sl-52,4,26,978,,978,Mdc,NUM,O,,O
sl-52,4,27,kilometrov,,kilometer,Ncmpg,NOUN,O,,O
sl-52,4,28,cevi,,cev,Ncfsg,NOUN,O,,O
sl-52,4,29,",",,",",Z,PUNCT,O,,O
sl-52,4,30,kar,,kar,Pr-nsn,PRON,O,,O
sl-52,4,31,je,,biti,Va-r3s-n,AUX,O,,O
sl-52,4,32,40,,40,Mdc,NUM,O,,O
sl-52,4,33,odstotkov,,odstotek,Ncmpg,NOUN,O,,O
sl-52,4,34,skupne,,skupen,Agpfsg,ADJ,O,,O
sl-52,4,35,dolžine,,dolžina,Ncfsg,NOUN,O,,O
sl-52,4,36,plinovoda,,plinovod,Ncmsg,NOUN,O,,O
sl-52,4,37,",",,",",Z,PUNCT,O,,O
sl-52,4,38,”,,”,Z,PUNCT,O,,O
sl-52,4,39,so,,biti,Va-r3p-n,AUX,O,,O
sl-52,4,40,zapisali,,zapisati,Vmep-pm,VERB,O,,O
sl-52,4,41,v,,v,Sl,ADP,O,,O
sl-52,4,42,Gazpromu,Gazprom,Gazprom,Npmsl,PROPN,B-ORG,ORG-Gazprom,B-ORG
sl-52,4,43,.,,.,Z,PUNCT,O,,O
sl-52,5,1,Severni,Severni,severen,Agpmsny,ADJ,B-PRO,PRO-Nord-Stream-2,B-PRO
sl-52,5,2,tok,tok,tok,Ncmsn,NOUN,I-PRO,PRO-Nord-Stream-2,I-PRO
sl-52,5,3,2,2,2,Mdc,NUM,I-PRO,PRO-Nord-Stream-2,I-PRO
sl-52,5,4,dopolnjuje,,dopolnjevati,Vmpr3s,VERB,O,,O
sl-52,5,5,Severni,Severni,severen,Agpmsay,ADJ,B-PRO,PRO-Nord-Stream-1,B-PRO
sl-52,5,6,tok,tok,tok,Ncmsan,NOUN,I-PRO,PRO-Nord-Stream-1,I-PRO
sl-52,5,7,1,1,1,Mdc,NUM,I-PRO,PRO-Nord-Stream-1,I-PRO
sl-52,5,8,",",,",",Z,PUNCT,O,,O
sl-52,5,9,ki,,ki,Cs,SCONJ,O,,O
sl-52,5,10,ga,,on,Pp3msa--y,PRON,O,,O
sl-52,5,11,prav,,prav,Q,PART,O,,O
sl-52,5,12,tako,,tako,Rgp,ADV,O,,O
sl-52,5,13,upravlja,,upravljati,Vmpr3s,VERB,O,,O
sl-52,5,14,ruski,,ruski,Agpmsny,ADJ,O,,O
sl-52,5,15,Gazprom,Gazprom,Gazprom,Npmsn,PROPN,B-ORG,ORG-Gazprom,B-ORG
sl-52,5,16,.,,.,Z,PUNCT,O,,O
sl-52,6,1,Rusijo,Rusija,Rusija,Npfsa,PROPN,B-LOC,GPE-Russia,B-LOC
sl-52,6,2,in,,in,Cc,CCONJ,O,,O
sl-52,6,3,Nemčijo,Nemčija,Nemčija,Npfsa,PROPN,B-LOC,GPE-Germany,B-LOC
sl-52,6,4,bo,,biti,Va-f3s-n,AUX,O,,O
sl-52,6,5,nov,,nov,Agpmsnn,ADJ,O,,O
sl-52,6,6,plinovod,,plinovod,Ncmsn,NOUN,O,,O
sl-52,6,7,neposredno,,neposredno,Rgp,ADV,O,,O
sl-52,6,8,povezal,,povezati,Vmep-sm,VERB,O,,O
sl-52,6,9,pod,,pod,Si,ADP,O,,O
sl-52,6,10,Baltskim,Baltsko,baltski,Agpnsi,ADJ,B-LOC,LOC-Baltic-Sea,B-LOC
sl-52,6,11,morjem,morje,morje,Ncnsi,NOUN,I-LOC,LOC-Baltic-Sea,O
sl-52,6,12,prek,,prek,Sg,ADP,O,,O
sl-52,6,13,voda,,voda,Ncfpg,NOUN,O,,O
sl-52,6,14,Rusije,Rusija,Rusija,Npfsg,PROPN,B-LOC,GPE-Russia,B-LOC
sl-52,6,15,",",,",",Z,PUNCT,O,,O
sl-52,6,16,Finske,Finska,Finska,Npfsg,PROPN,B-LOC,GPE-Finland,B-LOC
sl-52,6,17,",",,",",Z,PUNCT,O,,O
sl-52,6,18,Švedske,Švedska,Švedska,Npfsg,PROPN,B-LOC,GPE-Sweden,B-LOC
sl-52,6,19,",",,",",Z,PUNCT,O,,O
sl-52,6,20,Danske,Danska,Danska,Npfsg,PROPN,B-LOC,GPE-Denmark,B-LOC
sl-52,6,21,in,,in,Cc,CCONJ,O,,O
sl-52,6,22,Nemčije,Nemčija,Nemčija,Npfsg,PROPN,B-LOC,GPE-Germany,B-LOC
sl-52,6,23,",",,",",Z,PUNCT,O,,O
sl-52,6,24,s,,z,Si,ADP,O,,O
sl-52,6,25,čimer,,kar,Pr-nsi,PRON,O,,O
sl-52,6,26,se,,se,Px------y,PRON,O,,O
sl-52,6,27,bo,,biti,Va-f3s-n,AUX,O,,O
sl-52,6,28,izognil,,izogniti,Vmep-sm,VERB,O,,O
sl-52,6,29,Ukrajini,Ukrajina,Ukrajina,Npfsd,PROPN,B-LOC,GPE-Ukraine,B-LOC
sl-52,6,30,",",,",",Z,PUNCT,O,,O
sl-52,6,31,s,,z,Si,ADP,O,,O
sl-52,6,32,katero,,kateri,Pq-fsi,DET,O,,O
sl-52,6,33,ima,,imeti,Vmpr3s-n,VERB,O,,O
sl-52,6,34,Rusija,Rusija,Rusija,Npfsn,PROPN,B-LOC,GPE-Russia,B-LOC
sl-52,6,35,številna,,številen,Agpnpa,ADJ,O,,O
sl-52,6,36,nesoglasja,,nesoglasje,Ncnpa,NOUN,O,,O
sl-52,6,37,in,,in,Cc,CCONJ,O,,O
sl-52,6,38,spore,,spor,Ncmpa,NOUN,O,,O
sl-52,6,39,.,,.,Z,PUNCT,O,,O
sl-52,7,1,Plin,,plin,Ncmsn,NOUN,O,,O
sl-52,7,2,",",,",",Z,PUNCT,O,,O
sl-52,7,3,letno,,letno,Rgp,ADV,O,,O
sl-52,7,4,naj,,naj,Q,PART,O,,O
sl-52,7,5,bi,,biti,Va-c,AUX,O,,O
sl-52,7,6,se,,se,Px------y,PRON,O,,O
sl-52,7,7,ga,,on,Pp3msa--y,PRON,O,,O
sl-52,7,8,v,,v,Sa,ADP,O,,O
sl-52,7,9,Nemčijo,Nemčija,Nemčija,Npfsa,PROPN,B-LOC,GPE-Germany,B-LOC
sl-52,7,10,iz,,iz,Sg,ADP,O,,O
sl-52,7,11,Rusije,Rusija,Rusija,Npfsg,PROPN,B-LOC,GPE-Russia,B-LOC
sl-52,7,12,po,,po,Sl,ADP,O,,O
sl-52,7,13,dveh,,dva,Mlcfdl,NUM,O,,O
sl-52,7,14,ceveh,,cev,Ncfdl,NOUN,O,,O
sl-52,7,15,steklo,,steči,Vmep-sn,VERB,O,,O
sl-52,7,16,55,,55,Mdc,NUM,O,,O
sl-52,7,17,milijard,,milijarda,Ncfpg,NOUN,O,,O
sl-52,7,18,kubičnih,,kubičen,Agpmpg,ADJ,O,,O
sl-52,7,19,metrov,,meter,Ncmpg,NOUN,O,,O
sl-52,7,20,",",,",",Z,PUNCT,O,,O
sl-52,7,21,naj,,naj,Q,PART,O,,O
sl-52,7,22,bi,,biti,Va-c,AUX,O,,O
sl-52,7,23,po,,po,Sl,ADP,O,,O
sl-52,7,24,plinovodu,,plinovod,Ncmsl,NOUN,O,,O
sl-52,7,25,po,,po,Sl,ADP,O,,O
sl-52,7,26,prvotnih,,prvoten,Agpmpl,ADJ,O,,O
sl-52,7,27,načrtih,,načrt,Ncmpl,NOUN,O,,O
sl-52,7,28,stekel,,steči,Vmep-sm,VERB,O,,O
sl-52,7,29,do,,do,Sg,ADP,O,,O
sl-52,7,30,konca,,konec,Ncmsg,NOUN,O,,O
sl-52,7,31,tega,,ta,Pd-nsg,DET,O,,O
sl-52,7,32,leta,,leto,Ncnsg,NOUN,O,,O
sl-52,7,33,",",,",",Z,PUNCT,O,,O
sl-52,7,34,a,,a,Cc,CCONJ,O,,O
sl-52,7,35,bi,,biti,Va-c,AUX,O,,O
sl-52,7,36,bila,,biti,Va-p-sf,AUX,O,,O
sl-52,7,37,ta,,ta,Pd-fsn,DET,O,,O
sl-52,7,38,časovnica,,časovnica,Ncfsn,NOUN,O,,O
sl-52,7,39,",",,",",Z,PUNCT,O,,O
sl-52,7,40,kot,,kot,Cs,SCONJ,O,,O
sl-52,7,41,je,,biti,Va-r3s-n,AUX,O,,O
sl-52,7,42,nedavno,,nedavno,Rgp,ADV,O,,O
sl-52,7,43,pisal,,pisati,Vmpp-sm,VERB,O,,O
sl-52,7,44,bruseljski,,bruseljski,Agpmsny,ADJ,O,,O
sl-52,7,45,spletni,,spleten,Agpmsny,ADJ,O,,O
sl-52,7,46,medij,,medij,Ncmsn,NOUN,O,,O
sl-52,7,47,Euractiv,Euractiv,Euractiv,Npmsn,PROPN,B-ORG,ORG-EURACTIV,B-PRO
sl-52,7,48,",",,",",Z,PUNCT,O,,O
sl-52,7,49,lahko,,lahko,Rgp,ADV,O,,O
sl-52,7,50,ogrožena,,ogrožen,Appfsn,ADJ,O,,O
sl-52,7,51,.,,.,Z,PUNCT,O,,O
sl-52,8,1,Medtem,,medtem,Rgp,ADV,O,,O
sl-52,8,2,ko,,ko,Cs,SCONJ,O,,O
sl-52,8,3,so,,biti,Va-r3p-n,AUX,O,,O
sl-52,8,4,Nemčija,Nemčija,Nemčija,Npfsn,PROPN,B-LOC,GPE-Germany,B-LOC
sl-52,8,5,",",,",",Z,PUNCT,O,,O
sl-52,8,6,Rusija,Rusija,Rusija,Npfsn,PROPN,B-LOC,GPE-Russia,B-LOC
sl-52,8,7,",",,",",Z,PUNCT,O,,O
sl-52,8,8,Finska,Finska,Finska,Npfsn,PROPN,B-LOC,GPE-Finland,B-LOC
sl-52,8,9,in,,in,Cc,CCONJ,O,,O
sl-52,8,10,Švedska,Švedska,švedski,Agpfsn,ADJ,B-LOC,GPE-Sweden,B-LOC
sl-52,8,11,traso,,trasa,Ncfsa,NOUN,O,,O
sl-52,8,12,plinovoda,,plinovod,Ncmsg,NOUN,O,,O
sl-52,8,13,odobrile,,odobriti,Vmep-pf,VERB,O,,O
sl-52,8,14,",",,",",Z,PUNCT,O,,O
sl-52,8,15,je,,biti,Va-r3s-n,AUX,O,,O
sl-52,8,16,Danska,Danska,Danska,Npfsn,PROPN,B-LOC,GPE-Denmark,B-LOC
sl-52,8,17,izrazila,,izraziti,Vmep-sf,VERB,O,,O
sl-52,8,18,varnostne,,varnosten,Agpmpa,ADJ,O,,O
sl-52,8,19,in,,in,Cc,CCONJ,O,,O
sl-52,8,20,politične,,političen,Agpmpa,ADJ,O,,O
sl-52,8,21,zadržke,,zadržek,Ncmpa,NOUN,O,,O
sl-52,8,22,.,,.,Z,PUNCT,O,,O
sl-52,9,1,Podjetje,,podjetje,Ncnsn,NOUN,O,,B-ORG
sl-52,9,2,Nord,Nord,Nord,Npmsn,PROPN,B-ORG,ORG-Nord-Stream-2-AG,B-ORG
sl-52,9,3,Stream,Stream,Stream,Npmsn,PROPN,I-ORG,ORG-Nord-Stream-2-AG,B-ORG
sl-52,9,4,2,2,2,Mdc,NUM,I-ORG,ORG-Nord-Stream-2-AG,O
sl-52,9,5,",",,",",Z,PUNCT,O,,O
sl-52,9,6,Gazpromovo,,Gazpromov,Aspnsn,ADJ,O,,B-ORG
sl-52,9,7,hčerinsko,,hčerinski,Agpnsn,ADJ,O,,O
sl-52,9,8,podjetje,,podjetje,Ncnsn,NOUN,O,,O
sl-52,9,9,",",,",",Z,PUNCT,O,,O
sl-52,9,10,je,,biti,Va-r3s-n,AUX,O,,O
sl-52,9,11,zato,,zato,Cc,CCONJ,O,,O
sl-52,9,12,avgusta,,avgust,Ncmsg,NOUN,O,,O
sl-52,9,13,lani,,lani,Rgp,ADV,O,,O
sl-52,9,14,predlagalo,,predlagati,Vmbp-sn,VERB,O,,O
sl-52,9,15,alternativno,,alternativen,Agpfsa,ADJ,O,,O
sl-52,9,16,traso,,trasa,Ncfsa,NOUN,O,,O
sl-52,9,17,",",,",",Z,PUNCT,O,,O
sl-52,9,18,ki,,ki,Cs,SCONJ,O,,O
sl-52,9,19,ne,,ne,Q,PART,O,,O
sl-52,9,20,bi,,biti,Va-c,AUX,O,,O
sl-52,9,21,potekala,,potekati,Vmpp-sf,VERB,O,,O
sl-52,9,22,čez,,čez,Sa,ADP,O,,O
sl-52,9,23,obalne,,obalen,Agpfpa,ADJ,O,,O
sl-52,9,24,vode,,voda,Ncfpa,NOUN,O,,O
sl-52,9,25,Danske,Danska,Danska,Npfsg,PROPN,B-LOC,GPE-Denmark,B-LOC
sl-52,9,26,",",,",",Z,PUNCT,O,,O
sl-52,9,27,temveč,,temveč,Cc,CCONJ,O,,O
sl-52,9,28,čez,,čez,Sa,ADP,O,,O
sl-52,9,29,dansko,,danski,Agpfsa,ADJ,O,,O
sl-52,9,30,ekskluzivno,,ekskluziven,Agpfsa,ADJ,O,,O
sl-52,9,31,ekonomsko,,ekonomski,Agpfsa,ADJ,O,,O
sl-52,9,32,cono,,cona,Ncfsa,NOUN,O,,O
sl-52,9,33,.,,.,Z,PUNCT,O,,O
sl-52,10,1,V,,v,Sl,ADP,O,,O
sl-52,10,2,družbi,,družba,Ncfsl,NOUN,O,,O
sl-52,10,3,Nord,Nord,Nord,Npmsn,PROPN,B-ORG,ORG-Nord-Stream-2-AG,B-ORG
sl-52,10,4,Stream,Stream,Stream,Npmsn,PROPN,I-ORG,ORG-Nord-Stream-2-AG,O
sl-52,10,5,2,2,2,Mdc,NUM,I-ORG,ORG-Nord-Stream-2-AG,B-ORG
sl-52,10,6,zdaj,,zdaj,Rgp,ADV,O,,O
sl-52,10,7,pričakujejo,,pričakovati,Vmpr3p,VERB,O,,O
sl-52,10,8,presojo,,presoja,Ncfsa,NOUN,O,,O
sl-52,10,9,okoljskih,,okoljski,Agpmpg,ADJ,O,,O
sl-52,10,10,učinkov,,učinek,Ncmpg,NOUN,O,,O
sl-52,10,11,te,,ta,Pd-fsg,DET,O,,O
sl-52,10,12,alternativne,,alternativen,Agpfsg,ADJ,O,,O
sl-52,10,13,trase,,trasa,Ncfsg,NOUN,O,,O
sl-52,10,14,",",,",",Z,PUNCT,O,,O
sl-52,10,15,pri,,pri,Sl,ADP,O,,O
sl-52,10,16,čemer,,kar,Pr-nsl,PRON,O,,O
sl-52,10,17,pristojna,,pristojen,Agpfsn,ADJ,O,,O
sl-52,10,18,danska,danska,danski,Agpfsn,ADJ,B-ORG,ORG-EPA-Danish-Environmental-Protection-Agency,O
sl-52,10,19,agencija,agencija,agencija,Ncfsn,NOUN,I-ORG,ORG-EPA-Danish-Environmental-Protection-Agency,O
sl-52,10,20,za,za,za,Sa,ADP,I-ORG,ORG-EPA-Danish-Environmental-Protection-Agency,O
sl-52,10,21,okolje,okolje,okolje,Ncnsa,NOUN,I-ORG,ORG-EPA-Danish-Environmental-Protection-Agency,O
sl-52,10,22,ni,,biti,Va-r3s-y,AUX,O,,O
sl-52,10,23,dokončno,,dokončno,Rgp,ADV,O,,O
sl-52,10,24,zavrnila,,zavrniti,Vmep-sf,VERB,O,,O
sl-52,10,25,še,,še,Q,PART,O,,O
sl-52,10,26,niti,,niti,Q,PART,O,,O
sl-52,10,27,prvotne,,prvoten,Agpfsg,ADJ,O,,O
sl-52,10,28,trase,,trasa,Ncfsg,NOUN,O,,O
sl-52,10,29,.,,.,Z,PUNCT,O,,O
sl-52,11,1,A,,a,Cc,CCONJ,O,,O
sl-52,11,2,po,,po,Sl,ADP,O,,O
sl-52,11,3,pisanju,,pisanje,Ncnsl,NOUN,O,,O
sl-52,11,4,Euractiva,Euractiv,Euractiv,Npmsg,PROPN,B-ORG,ORG-EURACTIV,B-PRO
sl-52,11,5,naj,,naj,Q,PART,O,,O
sl-52,11,6,bi,,biti,Va-c,AUX,O,,O
sl-52,11,7,bila,,biti,Va-p-sf,AUX,O,,O
sl-52,11,8,v,,v,Sl,ADP,O,,O
sl-52,11,9,igri,,igra,Ncfsl,NOUN,O,,O
sl-52,11,10,še,,še,Q,PART,O,,O
sl-52,11,11,tretja,,tretji,Mlofsn,ADJ,O,,O
sl-52,11,12,trasa,,trasa,Ncfsn,NOUN,O,,O
sl-52,11,13,v,,v,Sl,ADP,O,,O
sl-52,11,14,vodah,,voda,Ncfpl,NOUN,O,,O
sl-52,11,15,med,,med,Si,ADP,O,,O
sl-52,11,16,danskim,,danski,Agpmsi,ADJ,O,,O
sl-52,11,17,otokom,,otok,Ncmsi,NOUN,O,,O
sl-52,11,18,Bornholm,Bornholm,Bornholm,Npmsn,PROPN,B-LOC,LOC-Bornholm,B-LOC
sl-52,11,19,in,,in,Cc,CCONJ,O,,O
sl-52,11,20,poljsko,Poljska,poljski,Agpfsi,ADJ,B-LOC,GPE-Poland,O
sl-52,11,21,obalo,,obala,Ncfsi,NOUN,O,,O
sl-52,11,22,",",,",",Z,PUNCT,O,,O
sl-52,11,23,pri,,pri,Sl,ADP,O,,O
sl-52,11,24,čemer,,kar,Pr-nsl,PRON,O,,O
sl-52,11,25,pa,,pa,Cc,CCONJ,O,,O
sl-52,11,26,bi,,biti,Va-c,AUX,O,,O
sl-52,11,27,bilo,,biti,Va-p-sn,AUX,O,,O
sl-52,11,28,potrebno,,potreben,Agpnsn,ADJ,O,,O
sl-52,11,29,tudi,,tudi,Q,PART,O,,O
sl-52,11,30,soglasje,,soglasje,Ncnsn,NOUN,O,,O
sl-52,11,31,Poljske,Poljska,Poljska,Npfsg,PROPN,B-LOC,GPE-Poland,B-LOC
sl-52,11,32,",",,",",Z,PUNCT,O,,O
sl-52,11,33,ki,,ki,Cs,SCONJ,O,,O
sl-52,11,34,je,,biti,Va-r3s-n,AUX,O,,O
sl-52,11,35,imela,,imeti,Vmpp-sf,VERB,O,,O
sl-52,11,36,do,,do,Sg,ADP,O,,O
sl-52,11,37,projekta,,projekt,Ncmsg,NOUN,O,,O
sl-52,11,38,ves,,ves,Pg-msa,DET,O,,O
sl-52,11,39,čas,,čas,Ncmsan,NOUN,O,,O
sl-52,11,40,zadržke,,zadržek,Ncmpa,NOUN,O,,O
sl-52,11,41,.,,.,Z,PUNCT,O,,O
sl-52,12,1,To,,ta,Pd-nsn,DET,O,,O
sl-52,12,2,bi,,biti,Va-c,AUX,O,,O
sl-52,12,3,postopke,,postopek,Ncmpa,NOUN,O,,O
sl-52,12,4,še,,še,Q,PART,O,,O
sl-52,12,5,bolj,,bolj,Rgc,ADV,O,,O
sl-52,12,6,zavleklo,,zavleči,Vmep-sn,VERB,O,,O
sl-52,12,7,.,,.,Z,PUNCT,O,,O
sl-52,13,1,Kritiki,,kritik,Ncmpn,NOUN,O,,O
sl-52,13,2,projekta,,projekt,Ncmsg,NOUN,O,,O
sl-52,13,3,Severni,Severni,severen,Agpmsny,ADJ,B-PRO,PRO-Nord-Stream-2,B-PRO
sl-52,13,4,tok,tok,tok,Ncmsn,NOUN,I-PRO,PRO-Nord-Stream-2,I-PRO
sl-52,13,5,2,2,2,Mdc,NUM,I-PRO,PRO-Nord-Stream-2,I-PRO
sl-52,13,6,sicer,,sicer,Q,PART,O,,O
sl-52,13,7,opozarjajo,,opozarjati,Vmpr3p,VERB,O,,O
sl-52,13,8,",",,",",Z,PUNCT,O,,O
sl-52,13,9,da,,da,Cs,SCONJ,O,,O
sl-52,13,10,bo,,biti,Va-f3s-n,AUX,O,,O
sl-52,13,11,ta,,ta,Pd-msn,DET,O,,O
sl-52,13,12,še,,še,Q,PART,O,,O
sl-52,13,13,povečal,,povečati,Vmep-sm,VERB,O,,O
sl-52,13,14,odvisnost,,odvisnost,Ncfsa,NOUN,O,,O
sl-52,13,15,Evrope,Evropa,Evropa,Npfsg,PROPN,B-LOC,LOC-Europe,B-LOC
sl-52,13,16,od,,od,Sg,ADP,O,,O
sl-52,13,17,Rusije,Rusija,Rusija,Npfsg,PROPN,B-LOC,GPE-Russia,B-LOC
sl-52,13,18,",",,",",Z,PUNCT,O,,O
sl-52,13,19,zagovorniki,,zagovornik,Ncmpn,NOUN,O,,O
sl-52,13,20,pa,,pa,Cc,CCONJ,O,,O
sl-52,13,21,izpostavljajo,,izpostavljati,Vmpr3p,VERB,O,,O
sl-52,13,22,nujo,,nuja,Ncfsa,NOUN,O,,O
sl-52,13,23,po,,po,Sl,ADP,O,,O
sl-52,13,24,zagotovitvi,,zagotovitev,Ncfsl,NOUN,O,,O
sl-52,13,25,zalog,,zaloga,Ncfpg,NOUN,O,,O
sl-52,13,26,",",,",",Z,PUNCT,O,,O
sl-52,13,27,saj,,saj,Cc,CCONJ,O,,O
sl-52,13,28,se,,se,Px------y,PRON,O,,O
sl-52,13,29,proizvodnja,,proizvodnja,Ncfsn,NOUN,O,,O
sl-52,13,30,plina,,plin,Ncmsg,NOUN,O,,O
sl-52,13,31,v,,v,Sa,ADP,O,,O
sl-52,13,32,EU,EU,EU,Npfsl,PROPN,B-ORG,ORG-European-Union,B-LOC
sl-52,13,33,zmanjšuje,,zmanjševati,Vmpr3s,VERB,O,,O
sl-52,13,34,.,,.,Z,PUNCT,O,,O
sl-52,14,1,Poleg,,poleg,Sg,ADP,O,,O
sl-52,14,2,Poljske,Poljska,Poljska,Npfsg,PROPN,B-LOC,GPE-Poland,B-LOC
sl-52,14,3,in,,in,Cc,CCONJ,O,,O
sl-52,14,4,treh,,trije,Mlcfpg,NUM,O,,O
sl-52,14,5,pribaltskih,,pribaltski,Agpfpg,ADJ,O,,O
sl-52,14,6,držav,,država,Ncfpg,NOUN,O,,O
sl-52,14,7,je,,biti,Va-r3s-n,AUX,O,,O
sl-52,14,8,projektu,,projekt,Ncmsd,NOUN,O,,O
sl-52,14,9,zaradi,,zaradi,Sg,ADP,O,,O
sl-52,14,10,njegovega,,njegov,Ps3msgsm,DET,O,,O
sl-52,14,11,statusa,,status,Ncmsg,NOUN,O,,O
sl-52,14,12,v,,v,Sl,ADP,O,,O
sl-52,14,13,zakonodajnem,,zakonodajen,Agpmsl,ADJ,O,,O
sl-52,14,14,okviru,,okvir,Ncmsl,NOUN,O,,O
sl-52,14,15,EU,EU,EU,Npfsg,PROPN,B-ORG,ORG-European-Union,B-LOC
sl-52,14,16,dolgo,,dolgo,Rgp,ADV,O,,O
sl-52,14,17,časa,,čas,Ncmsg,NOUN,O,,O
sl-52,14,18,nasprotovala,,nasprotovati,Vmpp-sf,VERB,O,,O
sl-52,14,19,tudi,,tudi,Q,PART,O,,O
sl-52,14,20,unija,,unija,Ncfsn,NOUN,O,,B-LOC
sl-52,14,21,kot,,kot,Cs,SCONJ,O,,O
sl-52,14,22,celota,,celota,Ncfsn,NOUN,O,,O
sl-52,14,23,.,,.,Z,PUNCT,O,,O
sl-52,15,1,Vendar,,vendar,Cc,CCONJ,O,,O
sl-52,15,2,pa,,pa,Cc,CCONJ,O,,O
sl-52,15,3,so,,biti,Va-r3p-n,AUX,O,,O
sl-52,15,4,februarja,,februar,Ncmsg,NOUN,O,,O
sl-52,15,5,letos,,letos,Rgp,ADV,O,,O
sl-52,15,6,članice,,članica,Ncfpn,NOUN,O,,O
sl-52,15,7,EU,EU,EU,Npfsg,PROPN,B-ORG,ORG-European-Union,B-LOC
sl-52,15,8,nato,,nato,Rgp,ADV,O,,O
sl-52,15,9,le,,le,Q,PART,O,,O
sl-52,15,10,dosegle,,doseči,Vmep-pf,VERB,O,,O
sl-52,15,11,dogovor,,dogovor,Ncmsan,NOUN,O,,O
sl-52,15,12,o,,o,Sl,ADP,O,,O
sl-52,15,13,skupnem,,skupen,Agpnsl,ADJ,O,,O
sl-52,15,14,stališču,,stališče,Ncnsl,NOUN,O,,O
sl-52,15,15,do,,do,Sg,ADP,O,,O
sl-52,15,16,sprememb,,sprememba,Ncfpg,NOUN,O,,O
sl-52,15,17,direktive,direktiva,direktiva,Ncfsg,NOUN,B-PRO,PRO-Gas-Directive-EU,O
sl-52,15,18,o,o,o,Sl,ADP,I-PRO,PRO-Gas-Directive-EU,O
sl-52,15,19,plinu,plinu,plin,Ncmsl,NOUN,I-PRO,PRO-Gas-Directive-EU,O
sl-52,15,20,",",,",",Z,PUNCT,O,,O
sl-52,15,21,ki,,ki,Cs,SCONJ,O,,O
sl-52,15,22,je,,biti,Va-r3s-n,AUX,O,,O
sl-52,15,23,pomembna,,pomemben,Agpfsn,ADJ,O,,O
sl-52,15,24,za,,za,Sa,ADP,O,,O
sl-52,15,25,razvoj,,razvoj,Ncmsan,NOUN,O,,O
sl-52,15,26,projekta,,projekt,Ncmsg,NOUN,O,,O
sl-52,15,27,.,,.,Z,PUNCT,O,,O
sl-52,16,1,Skupni,,skupen,Agpmsay,ADJ,O,,O
sl-52,16,2,jezik,,jezik,Ncmsan,NOUN,O,,O
sl-52,16,3,je,,biti,Va-r3s-n,AUX,O,,O
sl-52,16,4,nato,,nato,Rgp,ADV,O,,O
sl-52,16,5,Svet,Svet,svet,Ncmsn,NOUN,B-ORG,ORG-Council-of-the-European-Union,B-ORG
sl-52,16,6,EU,EU,EU,Npfsg,PROPN,I-ORG,ORG-Council-of-the-European-Union,B-ORG
sl-52,16,7,našel,,najti,Vmep-sm,VERB,O,,O
sl-52,16,8,še,,še,Q,PART,O,,O
sl-52,16,9,z,,z,Si,ADP,O,,O
sl-52,16,10,Evropskim,Evropski,evropski,Agpmsi,ADJ,B-ORG,ORG-European-Parliament,B-ORG
sl-52,16,11,parlamentom,parlament,parlament,Ncmsi,NOUN,I-ORG,ORG-European-Parliament,I-ORG
sl-52,16,12,",",,",",Z,PUNCT,O,,O
sl-52,16,13,ki,,ki,Cs,SCONJ,O,,O
sl-52,16,14,je,,biti,Va-r3s-n,AUX,O,,O
sl-52,16,15,prenovljeno,,prenovljen,Appfsa,ADJ,O,,O
sl-52,16,16,direktivo,,direktiva,Ncfsa,NOUN,O,,O
sl-52,16,17,tudi,,tudi,Q,PART,O,,O
sl-52,16,18,že,,že,Q,PART,O,,O
sl-52,16,19,potrdil,,potrditi,Vmep-sm,VERB,O,,O
sl-52,16,20,.,,.,Z,PUNCT,O,,O
sl-52,17,1,Pravila,,pravilo,Ncnpn,NOUN,O,,O
sl-52,17,2,unije,,unija,Ncfsg,NOUN,O,,B-LOC
sl-52,17,3,bodo,,biti,Va-f3p-n,AUX,O,,O
sl-52,17,4,po,,po,Sl,ADP,O,,O
sl-52,17,5,novem,,nov,Agpnsl,ADJ,O,,O
sl-52,17,6,veljala,,veljati,Vmpp-pn,VERB,O,,O
sl-52,17,7,tudi,,tudi,Q,PART,O,,O
sl-52,17,8,za,,za,Sa,ADP,O,,O
sl-52,17,9,plinovode,,plinovod,Ncmpa,NOUN,O,,O
sl-52,17,10,iz,,iz,Sg,ADP,O,,O
sl-52,17,11,tretjih,,tretji,Mlofpg,ADJ,O,,O
sl-52,17,12,držav,,država,Ncfpg,NOUN,O,,O
sl-52,17,13,.,,.,Z,PUNCT,O,,O
sl-52,18,1,Spremembe,,sprememba,Ncfpn,NOUN,O,,B-ORG
sl-52,18,2,bodo,,biti,Va-f3p-n,AUX,O,,O
sl-52,18,3,Evropski,Evropska,evropski,Agpfsd,ADJ,B-ORG,ORG-European-Commission,B-ORG
sl-52,18,4,komisiji,komisija,komisija,Ncfsd,NOUN,I-ORG,ORG-European-Commission,I-ORG
sl-52,18,5,omogočile,,omogočiti,Vmep-pf,VERB,O,,O
sl-52,18,6,večji,,velik,Agcmsay,ADJ,O,,O
sl-52,18,7,nadzor,,nadzor,Ncmsan,NOUN,O,,O
sl-52,18,8,nad,,nad,Si,ADP,O,,O
sl-52,18,9,plinovodi,,plinovod,Ncmpi,NOUN,O,,O
sl-52,18,10,",",,",",Z,PUNCT,O,,O
sl-52,18,11,evropska,,evropski,Agpfsn,ADJ,O,,O
sl-52,18,12,zakonodaja,,zakonodaja,Ncfsn,NOUN,O,,O
sl-52,18,13,naj,,naj,Q,PART,O,,O
sl-52,18,14,bi,,biti,Va-c,AUX,O,,O
sl-52,18,15,bila,,biti,Va-p-sf,AUX,O,,O
sl-52,18,16,s,,z,Si,ADP,O,,O
sl-52,18,17,tem,,ta,Pd-nsi,DET,O,,O
sl-52,18,18,bolj,,bolj,Rgc,ADV,O,,O
sl-52,18,19,dosledna,,dosleden,Agpfsn,ADJ,O,,O
sl-52,18,20,",",,",",Z,PUNCT,O,,O
sl-52,18,21,transparentnost,,transparentnost,Ncfsn,NOUN,O,,O
sl-52,18,22,okrepljena,,okrepljen,Appfsn,ADJ,O,,O
sl-52,18,23,in,,in,Cc,CCONJ,O,,O
sl-52,18,24,pravna,,praven,Agpfsn,ADJ,O,,O
sl-52,18,25,varnost,,varnost,Ncfsn,NOUN,O,,O
sl-52,18,26,za,,za,Sa,ADP,O,,O
sl-52,18,27,investitorje,,investitor,Ncmpa,NOUN,O,,O
sl-52,18,28,ter,,ter,Cc,CCONJ,O,,O
sl-52,18,29,uporabnike,,uporabnik,Ncmpa,NOUN,O,,O
sl-52,18,30,plinske,,plinski,Agpfsg,ADJ,O,,O
sl-52,18,31,infrastrukture,,infrastruktura,Ncfsg,NOUN,O,,O
sl-52,18,32,večja,,velik,Agcfsn,ADJ,O,,O
sl-52,18,33,.,,.,Z,PUNCT,O,,O
sl-52,18,34,(,,(,Z,PUNCT,O,,O
sl-52,18,35,sta,sta,sta,X,X,B-ORG,ORG-Slovenian-Press-Agency,O
sl-52,18,36,),,),Z,PUNCT,O,,O
